108341
210341
511720
490634
587391
168855
845011
640764
525243
712008
754022
149497
158732
63270
318558
539441
48500
305985
155069
480295
80553
296567
82656
799353
979093
212665
319904
137620
484455
36650
272935
456208
67904
270113
32270
481044
617894
952344
298965
441870
177018
210308
520285
4959
417231
796805
370883
284000
292893
509439
968262
404688
865468
18441
266531
854141
605043
261734
372461
213572
910889
747387
90882
397952
563998
946393
956381
893224
597113
238854
451865
858680
911809
290064
951381
996768
233432
952371
341868
414546
968379
847008
117587
771756
637196
793640
120742
491639
215710
521879
288233
501400
873831
721421
442507
510790
340915
213970
260089
116693
349776
157968
397497
350357
688482
483814
785415
360134
172988
580256
97358
743944
372864
50134
337964
654306
882868
113763
631573
578309
917496
74908
710051
207451
835921
7025
549887
174243
199403
811218
205588
800949
163393
765435
393824
923328
319510
604822
367241
953796
398654
300149
115546
395592
506635
248352
915961
430147
306947
29261
158297
980079
961608
345642
849026
572988
847574
861841
910796
22210
958937
935254
798883
379081
315611
670664
844753
23522
518007
365807
41744
415655
71776
234971
424868
128553
290430
536730
133015
689689
875127
85520
853543
32501
130745
507527
620216
870328
957631
57614
927395
586736
953219
383543
447420
358396
637790
461661
552041
354775
439064
269969
786715
564220
959142
879786
578627
421356
43072
943208
97760
77099
237174
695102
412681
178900
108885
888952
264644
635265
451688
168331
825057
376412
657179
112119
67143
951035
10503
511213
872071
468833
831182
246129
750934
389423
932549
159284
403748
633
366728
624851
387172
416489
361899
771401
829178
811095
230441
2672
89782
905991
513537
637222
844499
597909
752124
810075
614815
178890
222588
947913
654286
168033
841925
886624
88850
560198
686845
381019
658505
58460
984937
199463
613670
26651
102375
36185
757799
584928
337489
599838
931506
452979
158685
204723
293627
417799
860159
312060
408908
640697
741903
548758
677383
215165
455874
739859
177804
916539
717006
658411
338319
734523
151066
705670
323678
447762
146490
787
638422
586804
727141
564923
998661
853519
671243
923355
180347
501463
368270
383297
55083
765766
862467
318311
117627
755601
142307
286529
276
799737
486463
515465
620300
675469
916807
231843
486000
252851
842379
811238
585895
288783
360454
749071
495534
138628
856484
962888
474172
172071
914466
637819
576630
539798
762685
303747
788070
567102
175382
190899
225066
379148
803567
914783
560481
253488
872065
634037
144242
92676
263192
772962
490129
881750
311544
44929
527435
752423
24504
332742
465218
515786
702504
481127
776772
782871
47330
397168
246280
383656
717128
336778
445079
534023
110832
475452
142505
407624
68880
423754
936485
925702
548984
909019
856528
813746
165980
273036
449683
638370
763454
244179
863120
840018
717810
63626
584465
940683
465322
901164
579367
854011
331252
570987
22932
331557
309808
687139
795320
606715
594014
14791
418648
943231
456111
817454
599068
5221
276638
773205
449298
86015
409775
924658
649145
367901
828580
556417
677180
833401
850493
597625
301578
121639
976625
100760
49249
795562
793142
940392
362380
850329
390312
509578
901010
486599
905746
524094
162302
913526
216914
718598
16201
743642
324931
741300
632512
164957
7119
552165
350227
699590
877475
630487
203956
276083
660709
461385
755358
113474
779529
625125
654094
954622
632673
677689
326630
841863
689436
168336
258562
93170
622447
249440
630271
97670
811203
136437
551818
790751
249579
484085
974032
637438
82042
906401
809269
272593
873356
865993
210218
702364
826944
564161
869390
34815
629804
229716
415785
630992
9238
985801
204781
675713
243970
769828
270750
809989
199943
194129
114763
518781
40503
183720
340179
266808
66854
730918
763992
247094
159023
206966
98429
572816
975420
948281
358241
980035
117726
289175
21822
42982
324383
494220
240269
613184
532760
35310
446943
778578
870977
68171
897366
960028
132738
196611
428053
834629
961186
83388
781639
556527
504666
362534
156398
679119
215521
552666
955769
212505
963843
661215
580578
150621
817351
219406
587693
355713
606141
788801
498959
98341
196951
597936
623377
626895
553296
727528
791016
407897
980748
615962
521024
658595
926696
850589
863693
723587
183579
937499
851551
115140
670296
13248
10481
465964
923509
926037
325281
784720
78344
432938
682754
255479
953186
241976
327807
208962
383809
698950
482768
678919
901378
640819
48510
918383
843872
428596
705785
432799
632687
451811
432916
652190
214400
621264
727953
618627
24090
319
845758
815978
632957
536239
161059
434568
391714
4272
790745
879846
445754
532612
412602
583805
43521
770281
816023
79828
383023
224844
642396
455387
862460
197890
628847
582228
553485
830641
655604
810330
77444
76062
328036
506498
964580
202304
953553
104305
130185
27933
980128
45949
303882
828074
737473
475400
623943
810098
373790
81693
231568
947551
377904
131734
367178
241300
312539
372230
275793
433577
618244
464954
603025
989263
81643
292937
321298
346646
619499
871666
148029
156929
468352
614182
951163
378578
679665
16119
752939
478019
983588
234716
76711
558085
954329
779798
72718
977238
533669
47174
7705
798582
807121
499057
932896
782876
617092
26147
799287
579171
114604
758527
382940
948307
510995
282914
621359
696922
248053
969581
174325
424623
401992
820083
695547
217131
23929
803230
639916
713033
906978
256697
133707
945223
738237
8914
924689
508486
600408
484781
222718
239656
277141
420065
622995
981721
962700
3508
603197
982242
570947
530556
530360
478572
152670
89871
810905
546171
256179
13759
303989
614052
60886
327147
724191
252819
850866
593206
815814
778814
474013
153167
372143
358927
529617
612352
363061
732698
606001
502990
566189
675136
729890
143303
756419
11199
428945
498121
273658
773591
725072
351367
121870
529339
58154
222714
344868
860233
698
213729
431759
627838
210375
5333
255087
455419
258881
198466
643852
771974
935183
152233
680312
361375
110538
509597
527532
542884
748426
58420
312270
240526
180700
688020
96552
717245
622751
564459
140956
40188
161182
64878
9883
867938
71592
542945
176453
174554
492019
101527
251936
108592
848828
948733
567181
230650
443527
941518
382605
149461
246477
169391
520932
352807
409341
740570
61973
909805
497383
144533
698429
674013
32654
732805
553245
256254
590226
874720
943811
643706
896404
667287
329207
266877
116615
822662
589795
351606
445264
234968
344957
403334
513666
705553
606589
374003
209839
149858
290396
706395
767237
694935
573786
393936
878886
535230
247867
410146
722715
976695
716442
618554
729171
317189
389708
156538
484956
180819
789858
567178
454826
818191
775338
40809
635437
852002
641816
212890
179958
569282
50174
960271
297748
790094
689000
711811
141693
87050
928894
794598
257445
3060
444320
322361
627944
738477
365536
552530
263987
834968
313673
446771
976220
460574
392148
122423
596274
898778