972200
658546
403050
944300
471295
925037
437315
215682
376864
173439
892779
684648
708770
690652
88478
251942
592603
279285
698309
796951
494455
882633
950172
41660
445446
780729
529760
458965
2811
235532
818209
90705
420060
770101
47564
544255
941431
730142
101887
835367
771081
333599
15884
124202
528342
534781
143901
411797
62056
762340
191586
58092
277359
390040
392518
309944
106615
786174
863568
331644
620461
319245
111158
190701
795926
866413
276467
652069
578375
290136
170134
882311
673682
4698
41219
257347
397361
157101
524899
414798
210335
934107
755415
736740
93806
646364
650554
254739
294233
125894
696981
395064
544640
397673
77227
151649
763148
765253
496924
192037
847151
857130
249275
970960
4778
891934
717923
103027
898988
936733
284558
727376
974474
229320
83039
275469
112746
584267
694169
279783
335064
747423
556990
559200
677382
38134
446458
832190
508690
511759
492983
842724
926796
540143
151941
711164
938637
996625
810422
824840
808762
750851
199086
608125
782963
990637
934131
816218
606717
367709
18507
782077
219171
642555
312132
257909
229263
38284
159313
205679
213509
967586
152816
935966
677352
873100
110836
593263
310108
672868
346483
286703
840960
175333
465823
589046
865760
70094
638218
870851
997311
670407
551756
660832
217430
391758
334250
261173
543586
780868
114125
471331
970750
524441
323767
985621
507277
23122
734591
29826
790491
400349
453917
267838
175182
323806
7529
271767
596087
206726
702495
574481
309435
336634
584945
476933
112141
122631
904841
590734
947492
282779
866778
812786
289891
31841
967481
984008
386819
846677
696147
813168
399028
758872
851316
585799
594108
668251
411063
82599
576221
996649
384887
276388
702798
844784
397698
121189
904182
461263
974119
754856
965885
174967
380913
173563
821645
37145
536781
83361
208705
757840
477657
43672
11892
779637
260427
607122
575077
692493
221518
63627
167202
484176
840910
656636
500024
507479
99848
379411
963822
908124
482973
85205
102822
395350
338487
363166
736985
46198
328439
493604
863609
879424
239463
420772
386025
495801
282498
160779
473679
341195
780924
436710
567105
328869
395609
842944
262775
746804
828618
577382
370366
775433
575342
124006
853763
978038
353830
883486
230293
420943
226408
511049
825399
887261
822018
563653
453341
56592
931407
47465
669525
839210
418327
143399
115005
122578
146466
302652
864534
675810
91943
361926
825282
909846
746165
397630
819716
243951
693619
696327
383233
687195
701051
883897
262421
846398
867974
327258
248451
694709
532487
287802
189174
601441
59702
315764
530133
849744
339422
503400
358629
688383
964370
566858
73267
590970
942819
567637
156938
600619
120882
421728
415012
199107
213014
854459
414941
454513
806480
425183
71818
172563
691230
756280
938443
453687
770273
224492
540223
245834
487294
501938
314882
435601
297732
337505
592464
811139
364302
424612
48088
943814
916093
56009
582099
673500
7053
973813
569910
239164
560798
645994
18328
207589
776796
101206
908396
678152
206082
329510
922064
214136
361440
363593
217457
674489
200019
98804
636435
591048
991415
115971
204700
177561
109905
795335
531528
381942
382998
865229
663839
972082
420818
175621
703497
182303
306925
410783
648023
717775
369742
439305
465745
599341
89220
341277
973224
738913
107490
57652
214971
912199
131564
295917
606651
212008
489228
894846
742269
574466
550885
157503
938788
459980
268133
36232
693701
887258
879987
226175
886226
896431
657306
686607
324282
119523
408393
479902
955172
815604
718441
467212
845344
205995
754131
970308
127075
832282
309269
802259
858160
9773
235892
261218
971584
638128
522393
377200
966368
511033
161248
485269
934159
289278
336974
676828
830510
764103
683749
628918
291108
605685
123705
219358
689686
115125
122933
278654
59768
183004
624372
100617
61984
531226
850857
957647
727847
11286
217764
266962
573280
625889
398006
484846
352152
95053
902884
446130
593002
944312
143449
229783
140009
606811
572184
53038
566973
842372
936994
301963
579256
868347
974417
488960
822224
575854
579650
597760
850858
71867
78400
69471
507164
280747
765287
205868
36469
724836
655593
622677
491679
135741
662164
316162
278417
458777
907822
686232
794048
842505
253056
401295
842790
283458
460985
122314
218148
717793
945803
444332
692651
559355
800235
266669
349668
693997
342880
795057
985512
981487
784078
55208
931237
310609
56937
821981
311194
634724
94219
566816
427460
99042
860549
524012
758305
646855
342346
768288
904080
948876
720854
605276
620197
71339
973140
837082
936214
290332
70351
501355
935213
216082
530290
714497
903736
237637
700023
878553
204461
480740
390825
786658
420152
556462
324622
616308
548216
787256
328213
854307
153556
279489
200639
528930
135030
990464
99096
916918
797505
298716
38277
102361
905483
721929
746763
190311
427227
993460
447209
113050
742319
314228
168491
533696
423659
220985
726467
534383
923103
299556
792503
807878
22290
219627
871755
26963
987658
390447
94464
274297
924463
422129
351940
798866
184964
519325
116370
859897
353831
264045
355591
534639
676975
866357
209559
594889
502676
790814
567888
965506
53459
802418
765878
911620
290208
19934
103105
949431
641313
453861
562659
351926
800349
362243
383590
728811
365782
558575
388225
605138
412058
124412
168761
457441
617651
253662
666622
222389
718027
671542
270137
973966
511714
548897
975158
297467
704932
332504
769003
116408
527143
766601
603688
168252
70527
109169
71332
555356
879415
449701
133340
523937
948530
358643
573654
549231
130530
789344
326181
351417
260293
449434
697190
161982
293641
869211
991019
470800
481236
472496
471232
974107
703872
874519
569490
541843
457513
317412
735981
512351
668719
551775
418857
260890
96653
115363
324635
554261
531941
783444
856868
908879
483096
627058
20012
223648
373189
602367
19733
849085
564334
567964
432691
317261
996606
379083
448305
426921
512624
776375
709138
991678
180581
193574
607673
853737
530688
292160
712284
740530
462308
198968
507513
502428
926375
936151
929741
795813
30686
704926
444683
642332
896451
950276
510116
118723
878450
884850
54443
793388
525871
82752
442613
906125
552774
656142
313743
912945
450987
153252
619129
747438
792474
198050
3211
567130
250986
49842
6104
307365
791847
29278
524922
955441
718597
419067
324736
768329
697515
397919
822341
646075
701809
303813
782945
427408
24524
910059
133855
637448
512876
940774
56543
292267
828330
476498
986817
7156
401130
976337
82372
875828
588593
514673
457121
225267
97277
193335
856678
943324
107929
310439
946252
182251
596829
745187
318892
507169
284416
7135
883237
479333
501687
6738
390191
950000
146634
195941
313381
393764
158629
488660
790263
344749
449513
188559
833371
646002
114924
617549
592895
871679
817098
85759
83073
924709
679486
119552
978608
818936
668349
197035
798142
629311
234751
145136
176271
354296
816251
185145
917602
751099
432492
916978
994871
839129
315398
728135
434538
850151
768737
888369
601967
852677
88416
190726
497507
688510
869328
504118
502318
327711
556092
3940
269580
202541
120666
437787
760642
963976
775541
222358
670007
410034
496363
469647
203792
192935
250682
625221
351730
860364
925607
124370
603746
718247
744874
893007
167453
523579
545445
379541
546435
945171
273561
490358
106010
820372
662769
236256
116416
653278
862985
601175
245728
49210
936863
582037
461507
244912
237318
6950
792951
644273
187997
431788
730951
593386
231958
529890
326461
176504
741379
14257
125029
897409
843253
319257
153424
831393
687539
98798
852164
372237
186796
409430
122157
222032
806490
966253
59850
928870
767224
362707
9163
59761
845797
846386
3151
639146
312394
689780
651667
175051
671731
603452
395387
654400
857869
872167
985405
417190
480695
601612
249777
962783
938072
530799
412401
415435
505009
724883
102517
971387
612360
688895
168383
250795
838422
355106
124131
399171
260471
744781
909532
37479
64030
31779
881546
308422
905590
672807
277938
14248
507915
856162
405106
652072
635647
416305
332968
727048
764052
175794
37825
208989
97518
156142
934126
901375
963211
773406
966207
336243
631888
882135
744885
120967
742894
386919
881763
213071
705921
221607
372975
651485
375843
302329
111789
244562
375696
508734
345791
51730
855433
680279
476098
857548
924224
646668
166218
263098
997903
891400
692704
165759
363597
206044
122769
655524
687342
627841
957935
171384
165331
251886
417184
893941
223607
298942
884304
843004
225049
458483
101762
31038
147758
180292
788400
842772
364467
334236
357456
120710
728233
251415
141739
559202
631061
363694
313525
655091
791375
85693
900249
739286
703500
402745
104218
490764
493073
243479
445277
594876
108266
836939
66048
407038
422776
790141
860303
353598
105376
321217
699304
206281
710630
755
405288
400716
122379
29569
438981
900299
697425
110844
800317
641814
656209
979336
287464
256688
960726
670211
649738
775182
424169
223713
359014
384685
950577
877583
815159
169775
911310
967905
38576
119477
74119
320215
742480
662311
710640
316540
569889
298425
170740
679067
634206
852029
290879
366737
387978
526819
612355
148609
854661
947921
922098
838723
203884
593229
456246
426721
311459
820275
663828
134736
141287
810474
472055
289409
22750
589958
619106
957369
347863
471203
770923
107233
566068
229115
724147
655913
664566
71141
628043
835187
884777
260738
176367
277773
20367
136349
6245
892590
742035
845358
245186
840828
91005
815288
132674
273484
422360
708844
757453
310196
315724
62081
889973
857696
443069
913224
936537
978429
118109
760347
316472
509840
973768
986077
34103
462435
289061
199607
179898
490504
498818
210940
379589
868666
835267
258153
432478
999738
91541
9839
832339
794112
806991
964168
802784
239295
99261
61176
153645
712379
289554
82201
348692
271944
726004
600214
248033
510566
769706
840409
816038
859652
936786
730928
943987
288217
325304
133923
421768
781288
449908
90191
559217
839234
174224
477818
800510
100123
279151
43021
590014
708366
512522
21999
948629
147133
379296
872592
457036
83220
808900
213623
557795
95108
224324
335320
270407
634727
453324
558408
943501
699615
821565
565750
947526
549349
911827
547013
436484
138154
633504
331926
738570
968214
318987
594177
339529
254962
861485
978434
118784
61626
309815
598979
359491
214104
847856
272252
266555
824077
525381
907030
734757
265027
670543
791353
923644
251475
862913
993312
182412
577752
184606
422238
655585
172139
952988
925705
470770
676575
894750
851535
719771
161132
800069
538698
263319
394165
439133
137113
437535
461071
777660
255999
662637
116758
456333
508329
656246
231847
697799
221682
910912
953434
895381
106622
295387
51965
295448
222457
164994
802934
314591
828
678135
853144
218733
991739
535519
140795
250242
133725
962977
838379
19402
658046
583043
768346
393989
189857
975912
407683
47989
573538
507275
505443
915072
93741
966037
709041
112054
758566
263343
940650
540227
321480
784800
171883
878262
333325
138069
206359
575501
509380
938911
200325
622356
903709
404585
164818
957484
684944
247443
649637
937514
139490
562233
989807
30337
494122
748506
209335
291861
959609
207470
491101
687510
616497
33970
35602
690057
187541
240296
642670
894340
125680
609867
501212
972400
788980
236762
86578
11654
128741
234347
126311
460353
272630
576333
456892
89761
911847
886839
200156
627092
447804
964979
408923
894775
975805
456091
379917
449817
156165
932324
387534
12967
977976
643773
812082
150421
81723
722893
67903
776778
122316
875378
95544
864152
770123
498225
289094
142235
452524
465989
843012
744507
662707
955428
658970
643175
35615
308905
362056
6006
368605
990877
668934
526656
468278
883172
90604
108735
329725
998613
881390
605187
723721
836555
820053
957852
860969
321284
174038
871208
446228
592602
532153
49366
199797
395379
592515
995674
520516
127702
17107
573652
123742
970422
83948
315872
597898
674121
672526
617618
879414
144544
45368
203519
822694
56987
676117
604107
929653
450211
878979
415244
568466
685314
762481
337605
675135
564728
645715
638472
15859
179320
36138
817509
338159
989578
225194
362089
939239
929342
959571
604444
33865
980457
374872
435261
485831
440503
17532
524628
713167
520230
838953
657373
727139
268502
910879
294565
199844
124721
250552
935093
477499
879619
617738
155166
351662
9757
577997
621811
162315
755237
694032
234679
499253
142534
718628
183501
598311
587766
290664
309847
707665
333927
119103
8864
609183
446501
501489
839694
827485
748934
65452
655855
647318
386643
261425
865907
494288
345968
346202
214836
944640
690405
874694
862546
817558
11795
62666
481205
325453
87477
662127
106242
410855
111912
306693
30026
52621
638305
441941
632213
567344
201012
266054
716533
447212
397051
16424
310968
166354
467500
676146
844215
442075
911910
756528
310841
876667
882504
647742
396425
890058
314092
917820
350509
334760
248263
609940
511741
970091
440128
20921
316221
84385
232340
755223
531119
359722
800239
732763
901612
653582
501133
815612
272144
548460
133091
403884
736248
688274
374868
356620
260023
399088
364068
227913
923357
548868
761419
996759
955201
888704
796898
158247
91659
621365
50513
442846
665562
249517
875967
654928
417229
32650
179441
674115
844899
534995
224509
827363
773545
755672
934850
191212
282331
96975
797363
372090
586975
239873
594761
389886
177323
595462
877883
430083
534972
593749
922025
578613
599248
559196
592196
528253
758596
222716
57347
130686
702562
834622
124473
193669
293993
255004
233045
66594
309414
346402
256575
288393
499540
306127
888929
954368
372378
909828
833552
169878
870519
308773
92237
201072
488723
231876
400138
795829
989907
801761
817198
337314
814490
116708
129407
627072
203517
336424
425640
21364
245449
994370
905459
25512
897332
958580
692748
417378
983964
723808
739973
900109
488910
554153
399102
197914
541624
911917
919897
556981
14214
840119
20371
632927
988597
34246
330187
541057
334351
669880
392650
734091
657606
638737
419906
970644
906556
985751
811393
797880
438017
578794
647913
914722
786268
24778