511297
64910
556179
839595
138129
432021
406851
942749
30163
527201
566675
26348
316445
597753
890179
589819
257288
366028
686558
511199
870732
408732
296074
432651
706065
221104
204037
429027
620995
257016
19881
713119
663023
727716
398063
425072
458650
815626
766597
445941
679223
979016
580305
691061
588654
600985
975595
855781
242560
638732
337653
635433
139972
695840
902951
773239
833338
138276
826775
703290
349775
88640
658047
605481
625756
518757
356020
206592
607835
80298
12438
875033
224676
111347
592801
29885
94498
333314
650557
43472
770956
294050
496976
912107
469136
537004
42686
28496
517351
388553
797114
423737
166826
468306
924133
126734
38227
49878
54256
818179
412362
266107
196220
647646
422684
743869
145297
553048
909700
609876
989992
650599
288508
326315
512177
901587
921070
589521
882131
627863
90274
377750
884593
128444
284347
646462
615771
611574
836434
556168
358838
125926
262235
63871
505963
217698
827230
4784
483598
63131
384188
108993
253615
512254
546794
232424
73696
553281
300279
6869
569117
175741
573721
514078
426079
98231
128066
117615
856848
587843
998437
135814
309331
409429
362500
795117
54350
594291
102353
437178
500586
587867
407983
128869
237095
262887
24671
681024
688420
141367
811441
817961
320551
807456
679029
18000
791675
830770
760664
746022
625487
458072
178451
605918
707041
28664
392641
931593
406957
63843
77450
891556
766887
388131
123520
801857
508643
597033
919949
801025
284811
470855
650839
398658
933423
967569
508337
111469
886084
904869
855823
939352
827137
948551
141415
513180
528412
450039
899343
608448
252325
290185
66323
471594
214304
296933
798484
722104
879157
544371
439394
754313
35174
561083
348604
181285
556611
675366
461868
782968
244122
998391
784943
384286
238661
671911
422357
408095
124397
773569
738755
859163
133161
525926
223016
449455
128042
41341
497769
977585
335795
587188
672350
36557
745074
345101
140345
919426
900835
777666
820919
698187
628465
920936
114053
32496
253670
469916
109400
800495
288920
244867
837643
835534
510435
477075
426289
129991
201785
451012
239280
458849
276651
255857
129516
157061
48563
507842
413798
670705
382458
442412
759333
6725
478255
573021
703784
315302
4323
454689
737884
286775
370776
308269
718048
891373
5408
891765
240761
717824
99009
658445
188883
487635
260800
828427
611572
566990
281220
335798
135151
794593
648209
577033
714770
245500
726027
443013
807196
626675
964151
229611
339274
530124
609655
128993
9614
751469
872618
969134
330793
741123
832709
275463
77475
254382
196127
961192
333052
110680
135494
451310
242488
50463
191695
142203
803473
926740
807673
216986
20252
785574
898791
869811
152860
430775
448492
81307
850921
356259
460241
345358
290555
233494
64598
647885
216023
673522
84066
38512
575420
231491
758285
147821
262343
631023
519560
89487
556285
716505
594815
988313
381933
439555
473162
136865
375916
186990
820003
463801
565424
595814
443587
756560
161571
579229
495358
223121
62191
587450
636497
334421
632003
278658
575314
847264
988529
858108
488151
654358
950412
224897
56678
113029
487552
689340
105374
197197
116017
797834
700328
918635
674070
858587
100805
341090
166907
21288
834595
475952
817350
544058
716036
343563
939630
355335
982701
462778
847786
609707
194508
234693
824168
366763
876032
109701
197183
428968
225122
732633
713478
58668
159394
286130
592537
704652
131982
632325
343187
853435
103947
491427
904230
616652
367234
789651
157176
115438
495837
882662