906759
380376
735216
362200
776958
524988
151413
258712
458481
842900
131739
55248
192663
745500
803428
557039
750756
763470
92415
849127
805246
369337
431863
457067
97532
466996
861992
108093
295340
787711
491921
839651
714244
601931
880734
889208
714083
723413
882456
486301
755556
805734
560818
736511
948294
436715
848861
20407
968409
606000
956815
721302
344503
13105
213171
586893
729707
117632
349623
914716
87475
339467
73181
388640
202584
482671
402974
159089
141710
524043
925993
166905
120480
139614
338895
463590
983284
416163
10804
516412
340335
421138
819738
731399
908871
941397
708943
291456
562975
111118
875796
172070
990590
244834
749815
519091
34236
606791
636866
448293
863526
254506
104064
787730
511221
214910
498780
707835
477452
872098
178090
575512
430111
960032
185205
412621
87686
825996
69989
207942
995537
68833
643110
801726
873634
363633
909253
209323
40134
80578
107814
296454
769521
207130
504560
654488
248198
663878
167369
99297
439075
276051
348647
280719
275809
32873
59417
99413
226644
832318
534114
690997
910586
218947
626047
506976
989111
891449
210673
654324
415679
130924
313854
968684
897329
851548
932037
927294
760528
791874
793193
575772
209915
924219
865196
273593
886061
27812
176657
692642
307775
168546
888034
260649
754832
141683
227044
861156
917750
371769
110521
102841
65425
913607
419757
337772
818669
75188
832087
683883
943333
772788
672246
292751
418915
194034
435077
889973
284268
282610
985856
174973
482512
823010
466769
253132
360959
131679
90267
124075
749769
934231
813563
607163
387094
571405
412943
585169
281891
359666
973917
501906
532399
510578
560733
232834
21696
675744
437956
659008
6968
518469
713758
144206
598941
587435
422219
353428
731073
394348
814030
687211
834833
883778
458160
755479
91289
361925
416277
373872
506945
297566
651325
888295
675235
59473
830118
845127
832757
777749
236880
842746
558875
603754
746425
404243
32898
595793
656610
851794
120738
193315
441812
424558
892354
151829
700226
243983
667936
735914
60325
246377
208245
789981
387645
403242
241131
698233
844950
53800
981520
300252
884291
421009
461881
413205
133233
546091
772662
372262
449906
743063
389308
960660
140937
994502
278741
706059
414737
896091
863957
821491
235565
811772
789642
910068
572576
255656
552054
730934
83838
285057
12574
699204
801088
36779
19062
990313
482642
693001
794306
974016
360028
768888
380972
37399
804999
803952
446195
855502
298671
449120
871154
20937
117375
464930
900619
301109
743241
105567
320961
797436
214892
30434
810512
614136
642462
451259
524932
436510
513640
493829
722855
202032
4034
189867
740403
732271
199755
584078
86037
218600
965551
556253
423869
119338
260673
841821
100370
775970
282979
223040
231641
104169
407100
614040
343022
526264
500896
724918
618801
564562
976531
283732
531341
767738
455115
789908
488794
512200
241274
903563
368011
991824
200057
807522
973329
853310
843885
111920
880616
641292
905995
682685
217849
243103
603802
625629
418007
473681
930057
694001
664975
33874
821535
289671
898431
562274
680588
227559
783141
668662
835505
538827
367312
173026
264667
404446
815813
497847
221901
103551
967709
561407
919988
503384
439913
936765
266054
401625
544748
117186
474938
95303
453593
442226
52624
701504
888108
260401
273082
793066
522581
865104
930419
329061
840789
988614
660782
701915
33755
651443
383832
398992
775483
969979
233577
470348
871713
261033
80333
558421
996740
670688
600417
165199
488956
196128
216114
87332
547868
477926
889774
561928
729173
394290
130407
251077
923403
718907
182450
542077
16995
523751
5511
654325
302568
101179
748207
863737
72144
585121
64719
955599
272131
365951
653003
335576
522656
652030
387936
572948
807910
132489
92681
926729
539118
202760
565025
295666
714968
408808
479459
140121
178685
322542
296554
787292
947309
680971
778969
235448
606049
159716
625261
944822
830869
665884
495452
188122
370596
749537
346088
934974
368071
473874
153359
390306
997534
153530
760374
209377
91785
183146
912284
122195
453735
304547
55450
573665
650657
780414
631427
414958
328855
383461
967709
597912
439163
54814
646763
40384
813885
453215
817103
400475
396055
537186
180373
594829
196886
41446
257409
308156
303690
546484
722096
93540
484429
712442
805043
621156
707986
155225
360637
623874
485258
472288
53715
160440
558292
156961
31059
553764
847770
563228
637703
654333
415803
41948
945202
693641
641309
70458
689669
171179
93775
972724
351075
706876
884418
140429
125535
574655
802163
157312
11440
902196
879158
810392
407448
109140
741536
519655
656868
971003
678099
409301
979966
956285
393743
41551
507380
876739
832897
951270
415888
376863
715763
306216
104181
736221
949278
297468
828086
877814
318038
725672
399864
818490
256679
133241
471926
937844
344751
54582
789425
426785
935531
325645
406894
323416
102827
651978
600327
806362
940966
920309
600945
392956
667222
837256
990927
586477
185872
40642
734174
912694
210409
359036
376698
464990
539285
229167
34174
795418
802207
213194
275984
672272
395526
830125
280985
702680
829339
140383
831713
350644
448322
103354
31913
833047
146211
314366
742884
390122
745844
770241
89495
218870
559944
133732
409536
766388
444056
761484
577279
411169
872707
959983
502833
48553
861930
956349
356565
505908
936382
309655
110583
204712
171835
956920
947394
153608
384456
702067
241704
627211
527533
656770
793124
861221
405747
933477
463978
622805
243928
822748
520334
219768
244553
403741
429889
763996
950468
194917
329276
555015
204143
788399
987777
180423
515742
270665
273778
357308
384021
583354
669716
533469
803068
664334
783190
545215
54599
18804
424630
146148
877244
453899
318009
78367
302916
394142
864785
655266
530283
990754
356742
287510
481262
106322
847531
397760
434879
444278
182818
287445
34572
946769
484532
48016
557939
315777
109951
953830
423902
256251
305447
86481
558799
43497
22011
847908
983222
388933
129391
701348
515989
766732
485852
205188
117908
386829
55361
263115
190733
98872
93290
16545
272944
230368
261042
748835
746793
37730
864758
562683
798412
383188
83553
427427
287926
621996
20653
275346
833434
668823
521337
70929
276984
557237
294307
755411
58540
181197
736066
767964
110875
684785
199459
482787
694151
11054
286825
166918
312468
653819
242275
288941
603253
352289
309556
988458
792845
49510
579687
109700
721199
885475
181830
11122
218859
729772
762349
862615
249382
654829
436083
762552
205699
40759
246256
861788
257865
280356
542592
615988
540231
944801
593916
83463
552338
759694
333970
964504
394727
25130
861162
160474
744530
24225
404138
871094
327139
987901
640707
993845
609471
804409
309588
657159
219696
844970
12332
197701
168127
244358
831733
740686
922766
228850
850841
371010
103474
166274
432996
10280
520419
405130
590843
440118
13210
540103
486170
955880
549009
3837
199125
696212
129677
896934
238134
605487
915090
459113
732492
279548
165802
441151
38208
385222
152861
836022
891892
775706
134448
495523
642123
385960
382680
397482
131782
3960
598566
473326
375766
992813
870918
253206
46595
686281
478892
908137
466893
791390
518174
374396
944758
267312
676954
81785
372324
639152
287616
389018
603059
878035
147146
188142
143195
537090
791202
843565
388846
334563
475409
355563
742583
914357
186838
704418
811044
151155
304752
339148
94833
240715
492919
234173
907765
635079
977024
406097
385709
865080
376246
113993
461587
23830
803114
568516
125216
901484
854712
368336
879331
667158
580937
410157
449245
739414
635534
391133
406875
357841
879180
286811
750228
436278
632295
763301
320294
343010
779716
220421
482367
620812
592888
716951
727466
348358
167477
418568
291215
889873
97554
497017
891758
426442
647839
334810
320907
392426
443123
72567
341188
954280
706501
395220
924962
884088
523075
704526
791873
113702
71655
249026
345029
685366
812148
73538
981360
380011
939713
305787
790366
58416
927570
523357
395773
334504
55346
508676
183009
24031
971891
946043
64265
614825
548169
214045
208384
726245
529305
926167
364374
224209
979932
343631
713398
973457
804347
91200
166977
603750
520072
717211
682105
834057
308253
434542
459457
870465
25942
76790
810507
260453
222132
966829
904864
121770
219000
476420
631761
434948
689150
621057
178707
382226
690833
236092
912348
520832
743951
429376
868605
844956
127439
35246
761782
139327
968377
334898
507124
289084
711731
387891
448205
584307
940669
624453
249340
847601
253476
977451
727862
570170
285517
676043
855492
367785
727004
900670
75083
476101
551874
826064
889133
491638
969216
80045
934646
59018
188052
214574
802034
931835
691797
923754
536188
483810
313044
481763
891934
754491
460605
880321
419578
415819
664226
873229
755876
144255
997956
406305
121221
793088
572942
78814
972148
397233
607986
679105
761382
642604
857815
117107
664942
841723
817745
419658
584004
872629
937458
824205
206096
542639
35472
262659
31986
274861
757643
823872
337837
596056
302338
609982
580454
250069
493866
945816
371476
155464
904527
965669
703921
789718
557209
721272
488284
884625
249258
335112
437174
677554
65806
158540
869426
273125
49425
957931
501752
13304
189260
836937
580379
618141
730001
324484
874645
472179
900278
816111
780449
629156
700241
59173
820564
25350
284034
459756
50877
650686
978858
708834
304150
171951
777664
761804
107014
750594
691138
484793
725732
979693
842612
6585
837911
950511
352535
213841
551490
628252
605041
751386
723774
325442
628305
243179
136631
155686
196373
747645
217557
74638
968581
118357
479601
781216
789645
578813
42227
312031
804071
979514
246507
495151
526396
849022
772167
601234
396671
133898
557525
180854
149827
630609
865075
322518
891351
247015
820147
562735
445467
908531
646832
407791
918469
659924
613258
283896
115327
368314
597145
883473
591218
413867
732930
338741
140157
691122
666037
754340
280179
151843
572036
202893
890189
330876
442912
39272
159312
804837
107445
455065
271286
288502
283150
622841
665074
245847
481013
553602
302613
410692
760298
10604
530238
573971
58657
990311
621161
57973
89242
754094
410846
427413
419663
769182
764477
737840
453473
776830
126278
935355
425359
152139
174783
390302
682287
870758
946564
822775
595425
972320
831052
426550
657483
579004
895670
720397
103402
806072
844725
851150
456829
450127
503944
617172
721411
202560
858184
121002
320618
105282
371045
169197
541580
949564
260558
749202
670858
632511
78069
455754
596886
591295
277791
346150
386248
24181
701064
670594
465114
305377
479977
901283
961951
52405
278285
707332
62670
735131
801795
652261
115983
367075
597990
674779
393695
11782
360405
305228
142734
14891
340371
377917
133062
966642
445720
417409
843132
746647
783870
899382
632513
905867
535134
779863
522061
33514
709838
187634
801045
917414
194308
998082
329110
140102
633928
571065
872556
969970
474347
511932
651262
464502
602081
344593
50008
176502
218980
407472
717534
281166
238523
270314
849253
338603
339483
701715
276809
101809
650933
547482
162581
61362
992082
406390
171286
432378
472934
556386
372170
977057
34116
679557
649409
707286
50024
928376
992341
715319
558539
47065
670789
332440
561289
129298
859851
673108
219343
755675
476879
281255
324557
118006
752454
40636
575955
831544
474387
609299
564261
149107
716898
844776
454583
807533
859684
742170
881754
8225
805405
627378
996960
879769
711489
799527
187120
347337
587260
332727
624488
258112
982343
922207
22987
691753
380479
54162
290295
553543
233517
719710
440467
779590
185873
646094
317976
950038
777244
949226
60
250974
499747
11110
655276
465243
258488
929440
922272
250867
575190
469345
96777
723223
921700
510911
100982
560463
253973
433175
976686
315636
934978
63422
912112
22077
55765
517284
127847
531715
25990
53367
192928
859006
559572
201587
245325
486471
989247
38417
460157
174859
675874
613903
511972
873653
947643
878484
999006
827234
320780
334561
349896
277871
281952
388563
181465
685882
759559
412318
570071
755808
697302
240098
113782
549250
308991
363008
633722
395574
990678
595184
779119
624706
722380
867864
395628
393575
399791
29097
190898
972134
386506
799491
486098
749952
875856
967490
152159
194392
359468
712997
548101
74920
740771
578700
394565
812272
41650
228665
863679
28062
85740
224204
615239
435418
757140
485357
967360
542065
224006
721640
770159
303363
372180
81087
638948
89106
182753
225617
141900
498242
256750
627230
391431
578538
454622
876089
392921
239656
672277
432030
304084
639112
292472
16711
294158
406459
372783
964182
806480
574701
366859
237705
323344
998075
174444
932908
772890
190762
98087
842168
214452
484103
134612
904221
316688
89518
862652
960963
7174
143283
41618
858896
583593
321320
659812
534328
610918
574891
735787
904970
997882
978792
100273
538448
437202
305738
908488
61648
311213
876882
18622
505680
390697
484897
410515
252141
36743
703327
842718
112095
480623
327993
962243
101535
914577
835889
445069
532849
264675
466419
83949
519246
793346
802713
4339
867352
218344
537307
134111
559624
448785
876858
568989
699756
213476
307728
630625
669835
963633
956479
334509
766089
975837
589880
248721
246764
873810
69032
647956
757820
52700
656325
251139
115111
429393
755846
83326
659944
445032
814450
196030
527908
479609
565576
383573
992725
951910
382624
15517
31826
198474
317066
319922
626238
209373
6557
161001
351024
195882
304594
913476
575537
703872
594637
266585
394995
393411
866667
523287
95569
397719
628181
274939
558
835770
379547
623178
744685
252646
28809
793803
908620
106435
290324
183236
423864
164921
271582
90697
311369
115362
449782
776824
745311
567437
578438
314811
302359
113352
388721
815441
259890
514916
876071
443890
361806
580195
698649
150697
640875
371616
229444
855849
546579
578410
346068
606843
697275
90233
555006
295472
513643
877821
792506
823965
495221
666136
421044
596682
924683
254266
891651
610158
541378
148421
57699
78978
672370
952197
53447
54941
920931
225349
938834
976472
248407
300566
974101
234683
856193
976464
429911
327118
152107
57237
126196
705590
293882
298444
203014
228636
388186
735936
624333
273934
30967
235766
690762
194592
269718
399282
315593
955508
441668
945066
681427
246423
513063
207787
217365
375510
738719
878709
163069
804932
588675
452550
147053
513248
296631
321308
610388
465831
124613
369918
174994
77723
739084
199137
988875
661415
228625
1503
718749
910013
830190
609108
692824
260544
739889
658970
647879
485038
787754
802851
97795
206142
991286
351972
505483
406081
729232
762455
554556
468928
415565
345305
954313
970644
221698
341713
63409
825469
243292
946308
266560
399643
971374
965341
884665
324905
184423
46555
211780
188080
589720
652865
691570
258024
875465
872494
560960
323387
84314
297497
162673
904097
72147
473496
855170
828109
212469
538177
608827
587815
476256
372633
100989
624555
845050
900690
224114
361710
78353
593051
469913
818215
660655
507107
49878
579798
120108
456565
274405
671349
740879
295918
762664
451385
247611
260664
40117
69753
737220
7203
381683
343621
147987
932667
950206
984626
409155
896379
570221
176880
182533
772461
446762
121118
422723
884514
133887
365311
633133
590036
588142
989542
100
305294
949073
96562
64252
519897
315165
248018
16520
479670
886822
166592
695549
93064
567407
362675
71072
192236
698142
437219
5859
512196
923071
320236
842919
238633
477179
1332
863827
72559
203346
213342
453017
827252
431819
374146
550361
279261
877020
577556
603163
905560
194241
496292
773199
967365
648623
612340
432226
960215
389639
318876
563387
799665
847302
939087
676112
688630
198991
130730
987059
84605
24799
768810
890272
366256
27754
417569
315923
831433
259050
707296
902952
493970
917824
314041
953367
465909
894328
71519
376416
949113
518667
582923
298117
2595
41096
154486
933753
764772
690495
479492
231924
303249
890950
425333
331717
71734
295878
382830
831930
681472
296696
851373
861814
722623
951405
75695
50614
891945
991737
133217
855848
873641
548144
214305
55664
633088
54992
881478
610010
633796
948681
402555
385735
190506
52720
317166
801235
535741
946640
710423
96531
988242
752928
477109
26076
197348
362487
3599
605866
726279
131852
489765
371358
357151
959226
578687
513647
895000
912865
915525
623723
42919
933164
37466
338079
834892
828901
623789
329627
993802
518053
189555
472482
112960
805270
592153
21187
35200
787614
231258
339102
984061
672012
360296
250657
949650
709202
787641
962792
501891
957347
208865
915687
904108
344775
143728
176390
295626
653159
811814
300379
24313
808329
318342
474569
71118
725595
199758
119052
437963
218654
139408
715409
595785
865711
1177
529092
413065
735951
714452
673167
496104
529198
822658
106817
789401
718436
236534
706987
18932
682704
523022
928247
154300
209359
897769
961490
587131
984873
236668
504073
219072
419120
78455
451168
334930
311966
662918
4354
573140
246153
710545
433083
832595
872570
376856
140381
20227
328142
795590
24726
546235
901267
389109
368163
176391
363216
640694
363642
991169
987487
534650
415717
565850
309154
373589
279007
791483
705751
277999
893660
488329
815710
723321
177334
735630
924991
344813
322408
2725
502034
31213
311302
784340
225214
407653
462696
738596
650231
939840
386379
547376
941866
377482
101971
305978
362547
312830
270640
233776
754433
237487
963159
202634
51879
842939
553927
926378
807762
873139
627698
296554
219071
83037
360330
8000
820067
28660
189850
231866
141082
58384
652151
289062
764681
559905
651886
780687
601667
383894
858823
313003
869440
330032
342290
87246
771742
795423
163058
843113
943527
303427
219711
287715
534327
104897
652790
654966
774634
440769
788407
605169
967090
17775
947695
198989
108464
91989
112206
657599
196068
421701
2582
729455
150433
656640
6462
205565
691879
175248
78010
425105
80812
139556
115882
669541
884551
340082
426978
814644
98386
863001
487683
714253
354207
179474
89832
833909
492370
907797
512801
377388
381196
946046
841441
260056
969343
79976
717175
475856
714193
604957
516876
793509
428835
416915
28254
853049
120239
113107
901318
86379
99516
405089
263710
622395
664143
645101
387537
979141
385576
837110
271221
423433
384101
728476
454222
882337
345362
244409
694222
486925
222845
867502
255806
739832
504565
800334
254862
631537
412623
158965
793026
999587
686653
149820
414391
948347
749819
16110
823518
104943
207432
138508
726958
252455
629683
965428
523358
77465
425465
394737
215903
606859
91893
447246
251490
55373
533369
668514
332923
830554
395703
356608
247509
776298
864750
506349
815039
453818
182187
119252
892927
489739
219649
29414
104634
64892
903602
927608
734491
453265
564844
423802
907400
135057
736736
476014
797554
907514
615301
412092
678110
918805
532992
343771
636572
466054
233917
237028
694943
400585
910940
598848
930598
184689
595386
852674
219830
700869
395887
100767
12444
820157
43158
618456
127125
392950
58247
402829
267743
53502
738366
43337
509601
340922
153417
734554
71586
59550
317301
855979
796481
200433
396487
527892
807668
671809
89026
394254
333774
734006
572660
734793
68382
110105
83410
674809
54472
140123
797001
519929
510466
436610
889146
961972
890552
441742
900547
854701
269006
786982
638640
160937
512405
660703
317203
640896
964808
88100
572557
775891
168477
372860
535982
74541
78618
519562
540731
172112
60183
482804
220457
758616
188129
539508
334670
827903
844853
623431
171599
567957
866448
375365
103297
718737
24181
960321
666462
406639
81201
945051
559811
462303
512568
692505
790501
901225
968814
309441
435612
142909
600272
350400
703734
753649
752728
62841
558637
288855
776930
531375
906853
496554
991183
14906
620771
520692
752314
453214
813745
589847
545729
877453
482573
720299
955263
115630
478158
292530
436044
763313
868174
131052
568076
221083
825679
935534
696852
874804
133018
109184
389816
640738
360768
528419
936808
281066
699325
325943
38776
124592
934511
32003
450264
379483
640678
649055
117983
729494
384862
503552
79253
250134
316696
660777
751471
260329
683635
911685
445933
372461
206429
343741
338216
632204
288820
193176
759022
414536
715109
269763
837594
911310
198995
767555
597775
887206
664127
972006
59778
457239
918773
462558
397412
149066
418902
844450
908799
49950
649847
769478
139426
9529
679018
710315
28412
963270
389820
491436
713241
221964
220388
442400
567691
263875
576962
594750
759192
931441
158447
354953
817830
107610
790068
627632
657856
80507
329193
621052
134361
513321
946081
636296
240752
145172
42774
760642
789803
320411
664774
142070
246792
299924
597798
126169
937521
923697
32549
379442
513872
700602
732203
936459
880832
487930
986739
653133
450638
832921
607672
546176
982381
97639
321058
602410
359089
826135
36591
879647
343098
935866
935924
7589
587614
782163
548686
71826
792310
11365
101937
474552
766640
44422
943035
86894
346227
581957
110637
308417
784521
750583
976513
72304
693221
853831
187091
353685
544948
782780
705608
68710
843575
293598
605847
532013
654595
141387
511013
64527
421307
598859
1836
75879
472777
988824
709234
843503
910869
421001
453937
88453
511725
496200
191212
479780
521470
745586
894363
70098
703630
143776
308962
19507
575924
991250
78684
407788
583749
983936
560555
16533
48859
891675
586472
656147
752086
869288
633034
844975
314144
340346
970034
639021
567760
439845
586529
517917
367820
467578
405427
582034
789999
966681
441869
797545
420923
681613
285610
499665
310329
638004
868939
347401
46506
400654
905377
998415
958635
904994
325198
415885
173348
697436
625253
734723
372737
942945
136663
635811
505650
107252
48459
393388
999063
219514
370925
81630
94017
318534
957821
479740
625497
201709
570994
214928
993644
423923
643491
418884
464849
490749
355492
119920
178875
322400
373765
402982
538774
621000
976767
421552
947926
765327
843421
769917
138535
666708
797626
352108
65910
579429
931110
927129
899995
322234
627379
954114
827811
124414
817850
470622
159629
468812
82415
193242
818840
829289
491237
759117
294471
895895
992949
578935
175306
94624
173183
310458
11417
982197
252982
971527
646425
955691
591484
186626
621267
818885
252149
155255
369827
134306
787995
42683
975297
996281
812160
484779
791836
648285
704804
146629
175347
985379
909886
67253
505845
674513
264781
610606
275881
151660
974601
796281
331913
870512
926141
521395
559194
168010
513737
938824
524298
748604
556022
513128
560726
369588
140170
269983
191725
300868
154224
996732
954867
312683
749685
751225
975325
310072
951517
878308
20263
387827
796647
607494
303427
402019
654780
469277
260752
607428
221418
561501
565180
684224
646617
457376
702748
92252
404099
176262
904803
820692
187386
555307
384469
698441
495179
822053
307695
956826
636890
298231
610032
867050
557127
200720
240303
626968
685435
930160
16187
675757
277413
871255
877836
771668
170446
277326
831748
841420
481514
900148
980932
500759
369548
202554
916040
354542
753593
926922
215191
210482
996803
62345
940433
233824
128536
388938
556457
183136
359127
454769
287349
836182
322225
754840
579445
525706
810465
426984
369512
12357
62996
352044
16070
821023
718941
726767
332727
252436
767197
555685
688254
442034
291145
751555
95436
558249
633358
960942
104234
405149
802714
438967
995744
681292
697128
654108
767708
653455
697086
81515
114031
52048
923940
123802
570489
231785
348536
886702
661881
790521
36720
330219
650110
811762
454026
947941
912576
309459
541563
509443
631902
309936
729275
334819
32402
425560
77902
693763
418977
862444
436324
963267
395981
326012
621030
479660
90114
566808
593072
492476
647479
181711
721388
404459
489512
742111
610876
863688
735992
890751
139129
420686
488182
610146
494615
311696
680330
654593
980337
7328
996099
451065
862194
571471
23254
534902
998690
306875
593683
322129
650998
5838
129854
963502
746565
697074
925818
681241
422297
787102
710498
870844
661539
505594
874900
918205
822847
653074
407534
424138
31104
662798
962031
639313
458514
797876
386252
530034
85872
874747
124526
892808
455594
131404
536202
15179
549337
523433
229119
894388
233914
645232
584785
109146
217015
487938
182066
99208
22833
203730
107365
779138
75204
565086
535498
200720
97674
475257
412686
116230
134016
625362
531666
52923
265760
56640
209631
690028
176260
200702
836712
652937
470637
964038
363254
297114
569897
299040
428835
88067
112266
296205
724658
24684
96473
542014
37545
394502
369604
981373
818718
385563
329125
210972
836953
335829
959896
396727
429788
214394
731879
710593
580944
399375
241530
822397
252598
660132
665774
243386
879254
641419
108583
790702
994505
282551
769307
806157
493656
277435
937739
190368
43022
703274
258133
523354
267031
368265
472235
114061
731155
553530
717271
586995
131705
394501
44395
899155
397361
887645
716227
878832
183378
699126
261741
985820
832367
408155
298516
609880
193410
834971
792607
169865
241018
355177
602787
160753
172418
399559
149426
910472
545671
190801
928403
704273
537322
878691
573699
80919
630643
646083
748801
363804
86360
446716
187972
556587
608699
928141
280205
222785
759575
288217
288156
933768
388220
773877
526833
144584
620357
914032
466766
842815
650140
66180
829202
722144
303073
465255
809393
443441
334907
107317
620735
639896
934655
28213
322154
476196
291083
330503
283556
374539
233369
159625
746073
166560
639044
605905
546635
686948
151560
560996
275362
143698
18421
530668
918881
113752
5935
52063
220565
290864
881836
693861
590468
887167
290906
276273
954289
95225
895328
363581
59771
468216
265533
784837
953847
657251
876686
639499
331920
985814
557197
548915
102506
542985
460538
457595
794134
307743
98883
107114
937980
821994
36097
186567
284215
306316
859172
83012
346273
131501
345836
228816
773497
855855
306235
206960
740696
321979
152618
463295
385070
227106
99104
25799
834097
627135
504032
836221
776857
776339
428325
442346
718172
185431
738421
611487
170813
549691
483310
959355
505244
456731
877676
246467
152886
70027
244040
795594
323427
711523
418128
55121
750914
346647
451253
423367
849010
805068
356871
865045
998223
124726
626074
704130
978207
632504
672223
395063
401790
358779
486651
941077
884063
209453
218402
243692
724518
398563
194692
661899
877514
19080
80304
534764
576234
150822
424478
484714
510678
751557
184650
604569
554320
452642
713800
681876
610788
940824
458318
489673
138717
169425
20536
321973
145226
212780
472669
829270
186570
204936
389649
735362
780153
36500
199769
809593
450183
489973
974679
448263
87377
760845
264587
99014
451259
624402
860754
22367
642828
329771
607706
781858
185114
30521
341427
563076
75175
421303
15061
971263
480249
579263
86086
949571
172476
158635
534809
687597
961214
775182
152718
974713
884965
892133
619645
842398
375329
937491
778579
758306
375289
37210
202999
244963
179486
24046
713813
996101
539613
218079
875162
268685
84213
20763
296331
566881
917358
501048
530546
161839
92287
932979
750548
213233
359946
883291
418821
707713
374598
52919
872817
605782
124604
857378
337046
307400
972569
13487
434612
310877
863862
126693
449939
84226
734096
656373
121782
855142
608045
198277
742342
180670
139146
121875
667873
703762
612903
262591
928634
617106
845278
744788
439065
979734
353074
344023
78520
235208
190220
215975
846486
140743
975306
518825
529722
633961
168943
821195
412447
977478
586946
45040
668256
433377
873464
400936
149569
927472
252295
466089
984023
409902
311715
992968
424953
583475
202724
813970
991539
859374
78878
758799
815810
592028
691696
270193
469845
836632
365181
585185
322137
499334
225019
767633
324918
794557
383065
956450
252641
851133
377937
921324
22041
237451
428189
813148
614152
976024
449857
368794
242630
769895
698505
762865
627288
270682
239449
271129
869663
513038
23198
376834
834521
606555
224906
769187
617404
61040
820979
874393
301053
291416
329662
978658
760947
154422
935217
708935
150969
745500
246207
988870
646376
856101
91389
70159
350389
637510
892700
153409
632023
464736
653111
900934
688479
696271
143075
657223
91494
373177
44055
789145
308293
69278
343952
226898
628256