166792
823576
446306
946779
287728
991806
276817
258243
350373
317745
733997
236531
925924
525331
298439
558762
455404
379436
590389
847132
944802
251797
97790
12359
986686
639002
813147
251212
605119
595717
30696
297728
686187
48503
844311
498182
327880
684231
25689
939546
992005
288166
649515
199608
854187
929085
900027
732171
421649
397939
721563
967219
460349
157971
831998
908883
843175
453946
132994
443916
384740
387974
66930
142920
497274
664018
290376
182054
238276
811284
123845
100739
542740
79714
386449
459884
19189
462927
728283
53004
172554
296538
654849
452210
629458
214669
168412
898376
596834
634972
3821
988500
987683
124939
951909
834067
30899
709213
915793
303852
837226
531605
32153
972625
289600
708691
753192
601299
238859
951823
187973
160610
607928
170491
107764
424641
10205
305599
381376
569567
836514
569786
277256
190822
8370
200155
460019
468066
381046
543188
813604
672451
134962
421190
867687
834233
630628
459155
920379
604868
214777
278785
916466
606835
391085
256539
213587
497954
933934
777175
715253
447404
919748
175081
200703
199518
702437
833874
830150
310497
999271
118414
584843
629645
101808
750389
376124
262434
479994
932129
750845
301841
773076
267070
316687
1468
565701
361070
357851
545788
986897
60325
174636
961580
200760
59749
380072
181100
863423
971765
621178
994255
722581
376422
83498
201605
3713
712120
309064
406600
342228
672529
106823
29776
576946
866336
960469
972137
93695
781058
917596
632267
134696
110195
313878
981494
875949
663051
49514
629451
361157
901517
129091
846103
357738
464667
567964
492011
27793
218156
747738
329999
375786
445373
910068
672944
823902
828667
790846
462910
945656
757473
8907
614974
439759
623451
298832
10470
615337
358170
888558
816028
552306
733418
471571
722133
586535
604352
59756
949037
780465
583003
643418
308954
519617
212194
964513
609416
99943
224045
255747
156821
341961
523335
113315
512394
676931
440156
272534
826285
466101
947945
689858
94806
560479
37394
711924
694340
155194
799851
630919
405398
484051
296660
21844
320017
630437
880814
226151
533509
542536
986981
317405
980945
542755
879693
539194
490645
453579
163520
622410
906778
759235
192053
552824
16249
464765
259720
808503
39541
364986
304281
801102
761314
872747
777644
225106
457381
125871
796864
484056
144065
325202
708390
185901
489008
40463
660841
411983
169559
134043
429831
563294
94421
564164
256729
103905
773519
90264
763569
424468
57307
847552
211707
938534
741226
187121
502842
451196
995574
670019
974850
598053
640651
987159
380615
305890
853191
724207
78638
188258
58476
835488
382012
286035
382897
666332
820234
391982
463511
215913
700853
390165
914469
287194
227839
744610
485339
71623
98730
295253
596799
174853
400601
558325
597348
312107
298764
654498
637575
872583
433606
551047
91106
640581
459002
573237
66289
239333
486353
243720
904164
470632
397081
835972
872158
833892
872067
651064
710844
250530
65373
179977
894758
842775
551790
292003
524201
53593
289905
225054
909542
877333
30053
971469
477068
709649
67790
979982
219647
640148
621865
801739
686052
350509
753284
349237
608995
438771
176526
761382
399353
401300
792370
845742
621576
633166
604553
520649
223803
109766
150324
278490
161787
691319
422600
10453
605116
181748
469767
834820
562242
769473
532743
47864
517397
874345
731345
277114
399381
869315
993022
706866
207930
663033
79381
990996
199219
447607
354693
264359
401923
10688
777383
748951
566183
834359
90990
466373
926758
439212
456095
273012
436476
920009
736061
339488
145786
522674
928996
185294
940308
700260
314433
905762
191422
895923
154081
305521
632699
644334
680806
513908
755125
730275
467287
629455
424031
763222
283470
791824
864299
814761
793896
32506
643951
135594
999719
443342
664920
677421
733579
688298
643056
534107
628522
119260
560653
6865
722099
679248
413822
196496
457530
16844
17815
318974
586903
555500
38413
900872
123059
44707
764880
505517
778423
806623
639903
680079
998082
641706
694897
731610
659110
547673
675745
80231
775475
858109
878363
349467
135667
933839
932517
341763
59697
65948
316854
375323
154914
425844
943131
364741
622503
150168
494294
587986
85981
819083
346432
396356
602765
734189
172949
338412
828369
577704
81910
140259
578901
575051
569061
781090
136229
96810
365234
686064
684172
185937
617433
513330
142815
804349
444944
357567
751615
268982
797166
139225
395620
741810
330133
792179
68773
486196
825675
46833
227591
271165
479897
719873
462534
736661
130132
913112
851012
805548
396663
436011
185186
925186
14622
514855
712572
55346
333816
151836
347968
171665
232762
918107
76026
615573
408285
385163
400484
87432
735227
768099
514704
823154
102477
783919
560965
265828
89777
163483
154899
834170
62308
126709
809087
393314
946061
334900
465410
168513
689594
656124
603423
873732
498844
90638
298331
750703
851676
438630
693351
768473
554223
641285
62627
364613
607657
852093
944734
838631
784913
593049
204301
986020
579465
348867
56336
60355
177267
276892
501720
352995
850599
872697
637321
427316
475984
551119
480172
751634
826341
695095
588292
410643
926370
368329
913377
785857
886820
266604
87720
602798
203848
72529
468594
301041
296599
161273
326705
372909
520468
246355
172925
154286
959355
269398
763178
159537
583981
826010
526578
422313
492123
38911
771202
353432
808273
602044
836978
802335
106262
810933
706255
501296
425814
678836
162883
481657
710739
717115
599533
15539
577804
996065
506975
839548
760060
952561
383180
431258
206985
272365
61775
21284
916801
660869
303739
176127
981980
137144
916970
574465
926425
885127
724070
945949
273734
668793
35610
59594
301588
16612
425983
391063
117279
575443
147871
491332
751774
843729
915096
735515
472161
104673
777969
146694
390192
148024
254912
378411
199084
45382
160630
319364
156812
802372
296671
159673
41919
626574
750485
391545
618804
167050
528562
117093
246707
44847
925259
535358
206720
262618
59694
520889
750138
540140
38701
969059
967400
250634
132015
968517
392531
594538
327655
452360
323215
736990
724121
102500
765440
399966
473934
317377
656420
160898
280670
867291
181760
247862
220952
817371
587706
754973
985626
15306
563690
573982
874831
356579
108395
946129
94629
178350
939695
732896
817061
869253
617215
421196
36195
437214
765460
256777
564005
405155
969131
491280
76515
293789
203720
778605
251247
914532
450347
830211
172705
426346
802702
742892
981970
796900
236664
434501
689558
290979
718975
465726
926458
460772
639124
106210
317329
529800
529200
437419
163827
588582
631330
20016
100336
806593
614369
257325
241441
688521
702661
777352
923985
662336
843892
495846
614795
659000
304744
533033
68794
944394
922192
65657
991285
661005
334930
952998
125802
992118
12001
562673
43629
447608
256986
191947
246790
899554
668149
654830
697666
504861
970722
30532
223040
499198
564385
339973
203180
586538
594555
252814
534642
819620
523982
336658
63020
453030
691515
459290
771365
966801
837147
685855
864587
682178
304092