491979
537854
249242
264451
597162
49107
692629
772732
679437
173195
582019
318226
24598
203013
122799
148111
354180
436057
416536
90240
851343
913826
965151
32469
147029
332575
586694
215127
39496
181033
946428
502603
425020
437112
773010
437740
901560
934816
772766
637555
620249
825887
653932
767197
852202
908471
256898
139969
369212
919015
926884
660947
160999
130752
495402
692910
460544
657045
962518
137844
158606
917053
904387
346128
463930
88684
651655
642868
365572
330916
125731
636123
692963
905580
765015
203732
696264
623915
365594
393709
801096
441900
953812
684259
652294
948256
410828
688303
350492
800615
271851
613643
566393
398294
67860
679285
22880
771633
730687
319214
748749
803077
914840
726950
863592
873219
677245
75001
843912
930828
962650
169242
763374
635451
142460
781750
867583
653869
254992
68622
677400
528492
669583
371782
645866
997360
183876
115668
875489
513485
987996
176440
946068
870724
850275
785297
81580
700859
685051
668792
332695
964684
220101
323248
930677
488507
311201
293084
239077
126763
468471
68425
28362
506932
556998
845268
714847
24173
775382
9313
956259
802419
507774
213874
394811
700126
222847
505094
818461
164866
843027
751601
118571
395216
257815
517695
499978
530006
992983
285772
74741
268623
945807
836219
660160
949860
980942
24748
559011
249426
66571
375418
443370
626538
469728
706908
162445
219767
243408
464236
80849
674443
16404
926796
718126
919801
547615
459179
404145
751821
297488
507467
50006
478556
355603
739882
515717
686883
644872
197325
249200
563088
176030
126852
873082
828841
298755
218288
23334
867139
716375
919627
387319
336116
341790
356846
770879
600210
408473
57450
337800
274530
604909
814328
899512
963051
279043
146391
643203
694435
263349
621131
306654
613531
766581
899882
481926
223930
914587
564760
169018
225487
521923
724284
867354
366900
99236
400019
141447
945690
165247
661553
828084
709200
437378
855709
944379
747555
939694
318568
321682
218591
626270
180979
707819
53118
725392
506974
392342
145978
456321
908713
751532
400383
289824
275958
906090
781318
828544
738439
549446
737675
949652
571977
903075
238533
652786
164586
558173
268331
4964
398449
199459
667475
526434
545323
160183
800799
990759
151131
541329
216281
312321
400389
892912
489354
988073
296292
519304
986628
635909
579351
739920
464905
657560
814072
347343
243588
821473
847581
303095
383779
359589
677450
761190
717981
267528
833781
902842
46477
425014
643116
624854
104409
192055
822712
552289
878044
96373
824786
223656
388990
995512
631111
534799
383362
696124
534550
531250
497849
624704
412159
151981
812894
448026
849844
18792
245694
81368
309800
383742
713454
382989
578433
855791
765492
922000
460397
407066
585937
441708
151701
690997
217567
54468
480002
853527
938738
178539
668444
448577
993185
790853
120652
865577
708740
107045
956085
863912
764206
378783
807459
268264
5304
155323
698638
493638
320772
736020
280260
418881
347498
50489
59598
48419
48878
703049
708758
972178
301503
407780
691136
426402
810723
979964
442587
205051
554021
630198
928008
479940
540498
370602
563701
450494
673115
287341
726551
193547
384460
265099
667579
584756
622818
289758
674870
144656
991447
343463
370632
381800
638487
698088
549756
523161
451358
195830
604347
551010
343451
289849
530410
672640
758013
255147
620507
483844
53548
664361
882755
111078
213355
719133
545139
418345
805355
59123
530506
417930
25645
876592
770243
613138
282514
636210
280076
72683
84642
209009
875942
272689
499109
134152
80753
592323
425758
716774
315471
729825
262188
238387
96195
489831
573483
904383
934050
259337
259748
917093
107059
78265
731212
893100
422401
16954
871290
811986
985739
200813
657116
11958
607566
424779
906111
857213
192486
350106
120053
968771
319661
112633
839585
989090
864028
713564
983464
275464
643601
615144
944032
854938
792380
775595
15011
344695
803612
181492
294554
385506
981253
874528
937088
193155
492183
992024
538361
167580
217183
524694
77432
418425
157008
643478
560676
52366
186186
610942
201061
111156
748883
165070
782982
257563
576126
999416
368633
869619
899392
587101
759172
846408
485044
981271
818035
239630
464161
874742
947234
459752
975450
470537
676393
767619
379936
715203
465499
66716
586308
757696
175590
205267
732076
7407
877251
418866
367245
219402
507106
471025
486413
92887
770262
360254
564971
744913
335039
403000
987682
5069
239617
654020
978856
849352
720081
488410
996132
574231
842009
638276
236131
684451
425382
94009
999283
527286
332654
304181
954183
887002
79092
901667
631168
317453
464546
265826
509994
423961
689925
162311
864028
517634
710666
473272
662111
334408
631893
312709
345212
998157
398121
370720
468996
619081
349165
679757
629055
169272
87271
436841
365163
245930
715153
988599
30454
58542
918343
590745
662613
27710
549888
307644
807403
667224
275433
43144
347088
639322
845825
221459
188278
615952
811523
703203
207055
616660
277994
492775
203711
963758
564576
728510
284385
926459
698617
1706
931403
332613
150525
437340
535094
402262
721188
871114
766122
725270
485797
746873
112408
217452
394649
327384
329013
947986
181575
947984
564000
303547
822802
262517
615089
87237
906401
526614
909463
658268
416136
135059
836702
559749
957583
357890
327016
510539
629459
539035
619350
706371
956804
990156
261335
155044
155269
485376
780200
763335
855050
80878
980499
535050
909735
478073
263170
613147
442756
483700
194661
714201
782668
994419
526774
744721
781716
669617
285228
286177
135621
761894
951278
917085
309548
159552
340521
686641
222060
252890
410593
350388
2495
89330
180448
827236
296116
742211
218002
277076
127479
930554
654436
871379
478408
560419
72796
470846
134513
851109
496242
318886
805926
222643
517762
639953
336036
27672
562833
341989
497114
601268
241719
894103
667019
676030
257556
710012
634863
554713
217828
693552
777056
373389
407009
946848
33755
271262
840996
602872
712304
805327
660392
436866
507682
417648
590900
136850
764105
600865
913809
946583
6670
204145
874661
517162
327205
749232
745031
478874
381557
85555
922295
707201
964355
336400
267804
188271
936120
93074
40655
937074
705206
614217
27818
756017
369390
289321
59075
170835
742913
495758
463906
783818
510885
94130
835843
631943
409646
918513
439038
113854
55807
208861
568309
358232
904912
998221
411347
688622
348358
552432
447960
736323
946420
247643
397864
296825
909585
776931
630030
198122
134902
465356
104162
186308
305190
998828
58240
941711
567940
59034
774442
650629
439830
429983
837896
401933
208836
873778
122362
751703
676295
382456
508920
39432
610393
619206
668519
259046
364477
865351
972090
133251
228663
289074
434257
526988
430703
950505
241355
495322
144326
452775
91713
853161
83950
514975
696386
166693
162985
403409
235770
286407
949545
970922
433888
822648
578316
831115
355172
97854
923195
507591
670711
823099
216292
547522
491034
799463
112304
821326
959193
509477
108021
340267
708206
147226
827501
906263
444125
470918
801094
840064
15018
511832
356145
698229
325878
800208
72042
711296
302014
424062
333713
317500
693424
610118
317171
262878
180302
405225
560687
18152
283959
839127
713171
42718
926182
16782
49532
343830
698446
703347
223818
694448
428088
56716
98754
800956
782070
398327
182191
268628
641260
857200
818278
362883
621995
670588
736596
486339
130688
329747
489713
453173
652295
67719
3068
908921
83870
64937
200955
73386
841976
318830
223600
313489
936650
95018
922365
409252
476666
53642
210775
667168
334003
451551
233754
664977
543111
777486
464392
709018
885591
559601
315266
601879
657507
87004
145333
619263
593050
735834
295336
599450
545611
845722
779857
439828
592657
772829
256262
267302
241431
893818
440946
472916
46833
981387
321531
774916
565280
447720
323371
871400
435599
241108
621094
148712
599641
74754
222989
364363
325839
55917
407346
919801
145189
273028
15982
676732
255485
460617
229266
942693
645002
121185
467273
171959
625496
912189
311048
442651
107804
151319
388312
799166
310940
517046
676993
868315
312623
503855
760308
790447
840598
544724
975625
942618
943298
408609
430794
63068
861169
322454
176155
36609
873514
289441
366791
439
564248
587946
347374
29307
423649
813388
685792
546976
711482
69931
734844
60968
663750
596715
173996
984366
563591
540839
863127
503530
295451
706040
528300
711637
400629
944736
483151
541121
867849
18875
132508
387064
280096
952431
295369
543567
770195
277163
413039
278435
949580
53701
422376
130532
36397
16741
463006
865920
913160
274554
833099
384316
309988
691837
19040
109103
62701
669792
710528
135101
908869
24383
441626
182706
871359
281358
892502
721030
64486
249130
909408
717767
146002
941653
614299
966254
767689
789746
400169
694061
982512
12904
319479
432353
159634
304441
364721
251927
600379
47988
366803
327200
641736
914919
391448
38224
101090
348204
526042
631234
413974
653057
722321
297241
816471
224876
68100
782530
723952
561492
593693
456582
340438
82752
295803
320233
785245
40506
979008
938909
606903
874737
157211
566188
265774
65663
423165
861506
938221
320196
195548
818895
652232
213548
16665
497868
685525
600713
43293
196754
816041
109800
911584
733869
369116
138104
839433
653465
980880
378197
401298
431605
718830
470338
724054
150654
781825
332227
50710
199315
10271
144390
307021
803265
769944
556081
848991
885689
901418
195560
803383
126911
90333
193156
347372
740220
860514
149202
913340
545702
616260
725615
397048
937665
539708
405041
288859
737626
388927
942780
206444
347893
707514
189795
257153
429023
92259
382881
920901
643657
40994
930042
556236
995521
400245
105785
439873
404348
920308
834437
721320
372251
308475
115868
575079
122674
850070
834139
397460
775693
541299
89350
850122
236164
381141
571321
680343
524466
762684
371907
241495
682682
956244
702295
610163
405278
616208
342122
701128
700690
8058
152777
579063
297036
414004
438918
471226
278288
317457
346991
60364
955326
889970
635631
701075
561622
745909
61210
118004
491946
446187
720050
311365
286348
304702
196091
120241
710523
627551
69525
266628
570057
287423
855428
369880
507502
435340
229011
702390
844066
425666
533280
728511
347398
377914
908121
552467
108790
201153
570159
737277
352819
263516
223108
697899
749433
527635
85299
785698
904822
712789
686421
390061
276919
154767
374971
845197
491222
851689
947178
707969
549677
774380
84835
1106
355310
895932
276120
26226
627147
949856
566827
266054
432630
448429
560797
696151
74664
894245
240284
403348
3435
737163
646487
925794
800177
526670
984713
363750
166862
789158
36960
792513
315650
232541
236231
651441
95882
405198
458193
660628
637359
526346
870005
990859
128471
691129
902134
564325
902960
651946
329519
634802
351005
425528
576567
731333
938548
353589
482179
673905
257089
911030
638355
221065
992104
458917
903591
259030
974226
682868
911560
722090
160463
524068
4764
117707
546367
694175
22387
365479
500581
117096
942217
691592
675886
267917
499205
704945
623073
527552
816440
237798
710850
690586
305028
221063
843050
605619
126858
459730
148245
618897
245681
554086
50668
758045
522476
440708
958365
699148
539979
126791
7849
91406
730134
489981
585212
943
13628
670863
634122
711327
333096
954803
234532
618989
917153
892755
527145
769768
640630
404695
825178
578011
671788
14251
910990
616568
984156
832374
413355
630265
732832
391369
827266
111257
464715
406664
379316
703582
607965
778637
163103
993761
800576
885590
598229
230873
344669
66048
123970
965815
903007
911270
470063
656231
260216
255016
670206
355487
958579
605108
277300
342013
613758
473488
915373
984232
885647
395865
792790
427386
95857
717346
108632
11765
361021
702820
789261
225883
183604
402368
950883
380692
795559
265204
734007
315745
553940
351237
857236
188641
666507
449002
346979
68036
663210
962188
121864
494552
971890
286397
857274
352441
498967
18318
86404
497327
927779
926929
644020
595623
481707
993658
932148
139448
519058
110269
517572
953999
821068
560019
301322
517325
757221
880473
45010
569101
484827
691759
586733
317092
442626
619850
631716
502381
192189
364728
210743
212657
457944
509653
166330
629360
356322
689135
662274
211140
115347
567047
468096
609808
872762
595188
566277
297761
474997
112800
229041
854000
286269
125057
808470
110320
661505
41864
593056
754059
487857
530054
853348
389192
865276
249274
71968
772368
463556
765320
514918
420345
836640
378308
392325
512357
382276
488366
629114
550102
858771
490846
551613
530859
647414
138674
720992
760678
327534
694723
40352
93936
760690
394480
166084
217176
187750
81865
814711
200618
637538
830240
847604
417794
167566
715896
223419
556491
264587
226923
965790
240047
698054
665712
518204
614246
124441
200888
186902
883977
847355
490255
391043
484546
177447
598880
58344
415971
992319
926811
125305
327761
144655
958685
686623
277581
267391
931308
689604
313037
75348
778450
866287
945629
111770
566172
551135
212892
543012
40682
807298
638124
665272
850974
793342
40261
331729
580190
29275
790370
621049
674272
812103
431918
44771
54632
859979
703205
419579
460494
453877
259779
771404
447544
781417
200419
353637
322582
323194
387376
805786
747021
896709
857938
87257
591838
31231
720610
904879
430347
375918
488687
918518
717210
952248
472632
651514
266541
766144
792414
471824
82285
331439
403873
41916
979937
156521
152497
624929
702463
655871
669688
360015
582327
304261
501218
390737
500318
375299
229838
739026
436566
198116
285664
423018
336351
673041
816743
49530
318753
158617
382778
660219
867463
239662
765053
82069
335324
664631
527488
441048
135576
843409
160309
590493
730260
945389
791630
210568
170039
248274
903407
387333
262982
258505
119761
940947
665843
589953
4294
244982
796995
65876
923602
64909
49293
521361
382623
549029
41003
670254
383630
825845
196461
358985
27543
265562
195863
821269
521860
563987
931077
424539
642173
298623
834792
582124
377747
902801
148843
24394
697759
43171
973608
590318
804115
931206
261571
356224
563015
160992
910238
717304
758981