416036
525042
386711
335400
30176
284487
453315
617757
689214
547684
216361
688272
217334
334129
104279
348006
358699
536167
114207
879646
480597
946650
499507
690756
883077
667938
17798
493781
690
538381
585679
897655
35228
938157
606922
328228
265261
83220
21164
958354
476546
251333
431600
453257
943237
310464
115702
436858
139165
981763
295481
768873
411823
130603
467735
169467
23455
910084
331098
234879
954242
339121
593178
899165
728000
784383
606591
294018
179222
729906
303287
663062
793891
459711
957221
822935
189842
260152
233728
535297
571966
636239
300425
159663
796367
946279
119083
972292
952169
764131
70937
678862
805151
487093
117080
765780
457677
181305
255490
388833
340006
798521
679618
246697
276221
837148
155779
298864
138525
56897
458536
476992
871710
543705
380407
768556
387719
932683
255171
715889
288678
290658
755083
832401
947509
279520
943276
884662
864008
953388
274108
132642
606247
411091
70250
661285
993071
96391
139790
732777
202506
781563
79214
102603
574003
492860
717574
16688
523264
286707
909175
603129
710434
329947
428014
82640
165530
714898
979053
360603
585988
95010
119004
497233
100812
564621
213716
59111
115504
49486
385032
819134
571696
418427
222147
835404
396334
787800
251961
435252
553495
488196
505788
18916
762249
264715
44457
15894
277892
10748
297650
221150
662928
915826
548175
947060
957039
802728
746645
478502
317466
415908
537040
149822
381975
71810
705824
147858
215808
469941
68053
142402
317720
720563
340470
189125
196438
208208
888547
714505
549033
418182
749001
949687
857594
407504
44872
169765
906855
45220
580095
298196
567527
539684
535910
244543
221966
153642
553765
788178
943384
212152
877025
799654
34934
409145
524147
943584
175515
619098
595340
185435
783652
135554
748888
170906
635519
361890
497737
10028
686692
689585
441476
809738
715655
543983
422581
193570
690555
207245
308951
355863
371231
333739
392158
194090
552391
977674
226829
412975
373337
497190
13322
174958
67218
184661
259015
2289
143625
798225
720910
832083
425012
879797
429447
370194
549965
778742
37091
816551
359740
104409
616452
270408
396548
623330
79915
798090
796484
5422
754397
783809
874161
517239
792284
941109
727650
352552
886642
209142
476298
399175
372551
254937
811183
241860
857788
157073
731013
439616
42829
550369
43797
578299
894840
751260
957780
794293
719616
5447
774124
177340
920714
290400
556159
939479
447496
859476
978460
782359
160489
713575
779294
632659
195073
322326
764067
436071
701168
928410
375250
153518
988912
602314
777308
717707
614208
953387
843940
561417
59708
437097
898961
885782
91073
671169
313043
854770
640820
818664
143928
419880
560642
922259
154249
815807
206598
51240
38283
313230
749305
552388
143647
324412
190764
180585
568502
26103
385490
337092
687060
968753
825454
200798
570505
560517
390637
955783
868499
873110
560154
708119
573074
387208
858487
541644
871285
996264
380275
240678
665143
4288
446565
65150
314353
347566
659269
193547
928240
719638
195274
363112
822066
757178
184053
688799
981788
528274
988002
718479
506692
24726
336414
821207
60203
17239
922081
491579
453289
835416
238078
369756
30930
63804
358134
465476
904042
797879
651554
918350
708209
12961
900625
356145
223638
823019
900501
363487
656033
344884
421203
407142
599094
143398
804542
744870
607004
760340
618599
721699
394551
320868
810018
108834
253790
998442
968400
658584
783102
899596
165717
692336
908539
84205
217569
497000
496971
684072
691219
192814
649551
363279
631340
412837
366707
243475
860591
991771
604040
89608
804523
254298
320126
783497
682391
612327
583180
681103
736595
118201
854551
470901
500460
468701
234750
654165
196337
977268
197565
515486
815729
84914
383340
579609
24069
896455
858759
713445
558986
256485
304347
854065
680039
860110
184746
741999
240785
925988
511827
250476
382734
741621
367760
544692
545986
303696
22158
215321
787302
953729
830993
799457
314947
716357
96148
954511
590508
563068
151846
144441
727665
706992
83008
203843
350212
524654
987508
580123
196405
80324
56275
420042
210896
674672
228324
430797
384044
179240
648584
257108
650308
583188
401131
423150
886044
201913
777782
893928
481608
760438
40707
109637
505682
436486
209371
471062
976772
794181
100668
196954
787960
760469
218596
96250
834336
873856
583802
765170
298546
930938
559034
532436
403703
430106
481943
17741
720195
112303
71273
322783
792833
910264
100496
907958
690068
969314
708058
491126
205079
637358
708603
249775
238687
785208
453552
146130
844921
860158
600732
650113
866292
756760
851756
942949
790497
916804
273009
37294
277607
279252
204679
426618
593720
250369
6862
646610
205727
406796
449815
469851
303636
411990
980403
376281
447581
167958
644632
84343
949696
723102
642975
210779
796904
748384
107622
159925
163
413764
174810
851472
7119
923805
139337
631710
469732
567403
438055
61178
70566
498608
185558
683466
666524
521103
240218
465244
366018
746455
238161
958117
493413
771230
512207
187862
51233
764200
710726
325420
497461
78290
254911
6551
403184
288089
84375
436293
680098
626831
517311
97931
531950
237929
781220
120425
799084
713206
580302
459134
163187
899713
575837
389655
286435
711269
624319
323239
693277
82894
325954
3742
506262
200648
226775
860303
697578
127774
676118
355818
612910
892708
628094
248536
756261
287915
836529
393169
15053
400935
143145
13406
428680
105147
615490
701651
603562
571010
180714
271897
233621
116248
985401
895875
810048
262559
397848
322036
817638
700602
765929
239739
55454
73991
7380
661084
315855
163677
749261
184473
64588
619335
291689
294532
564878
662734
388750
987041
686734
925242
458413
176665
943092
426387
401631
216600
121910
445184
705579
387785
492139
322775
218577
120081
720086
449570
269565
549404
78898
296994
235252
460658
106413
749973
639219
524678
632320
780617
202302
167214
255575
207041
131263
889423
62434
930309
645933
976466
566215
331944
161455
410359
212257
359064
694857
589530
525461
603820
129351
26225
299093
332632
223946
328346
511905
709510
601925
574526
30607
967701
223683
524761
325613
834207
934762
737035
883660
500948
780979
35395
664808
904267
198689
627200
127533
191012
961141
357063
103069
99820
968795
97608
504240
165442
453173
451918
700332
526555
818631
616145
418836
750200
917073
864532
311879
272473
258081
695951
54190
744746
582485
115479
891199
878104
220517
78834
447195
303026
711144
146960
608394
425266
961783
147865
943157
390902
224018
226592
129887
318850
202638
730467
796640
926226
214196
842744
232164
355335
36408
936680
899649
125439
22137
777791
926571
373383
110436
607192
863475
573217
888946
930291
490156
813550
784446
475144
253705
587564
22483
226989
946492
412228
616492
330053
871942
93662
815333
364940
670893
693231
579849
581366
238828
469001
381994
648016
807603
826787
113196
457972
897561
467521
245115
552350
232254
908338
142947
211001
174765
535841
608509
975041
49832
551526
539231
138839
554177
379806
446233
218578
417215
164731
54823
507757
649717
148392
995667
550134
47149
288125
753490
396416
540166
106793
662958
400012
276897
601123
900981
359531
937716
992900
133568
467011
439394
384434
95758
318609
924100
71722
35874
867861
51262
819962
708144
774419
6805
440318
679585
27681
6035
444136
132515
39834
887498
653701
467062
502031
733550
140991
764529
101030
360705
49258
143501
517112
154638
639935
536165
471776
491843
285814
895200
87046
325040
177508
534524
555830
369199
602146
323408
62237
422064
775762
151592
216813
234356
627389
202962
600365
549272
86477
851471
924013
687172
254054
367905
668288
312684
95817
301211
772989
351939
483832
681915
973937
379998
704690
556438
582678
311894
683165
581088
982915
343973
742697
997906
207769
846180
942775
943254
444732
705123
948156
451179
88245
134940
940776
144778
368284
572086
673354
202406
697756
341490
967280
797952
934981
249361
426247
929391
622378
764582
46329
611959
939584
73269
996583
758021
602072
291648
591033
427851
660788
75605
774884
640685
423154
900153
988202
901534
186014
176788
560602
784046
596536
266850
63159
616648
151915
266531
614794
591720
958662
754482
767486
213392
183845
355250
107938
80012
803959
623551
583724
144197
105794
328310
823197
158449
763488
148141
969772
414483
693095
904047
471780
233982
345783
367993
945572
913711
965145
786219
951052
490896
696560
468811
939037
721039
35997
663088
912492
110261
570009
735179
899282
576890
840314
523883
217029
947704
269152
614294
166369
575400
309471
464256
191041
110697
938267
144337
397121
180145
413629
671809
579506
10235
658070
32749
366653
439960
959322
394052
578151
688020
705374
586113
328604
444742
3165
241749
850190
32741
115299
764980
385004
60526
532663
167933
536731
106866
379366
25867
175529
852435
989427
744771
556692
808821
285620
926883
29617
687
870616
426120
667484
134409
633953
140722
366231
857122
285014
158339
509475
394345
162033
454531
678478
313105
669532
913916
981476
419559
663410
306649
647768
19942
314604
806601
387884
668596
547956
848757
655977
720930
956222
782803
372829
99260
81473
121003
660656
69196
43694
910030
168313
583165
696369
761073
352445
370677
874437
303799
816119
7629
895692
140531
677597
760845
788523
540027
306335
695198
622385
316390
817623
684755
916757
946068
871323
493064
306387
124532
965602
614919
642183
451350
905342
876319
826211
57560
696824
307244
829741
902658
846412
255780
405999
806636
474860
149752
399607
470202
713024
222072
31679
223466
44439
79182
126469
651702
316243
984361
609451
280670
288541
310879
777234
708159
866589
437480
718395
573314
59127
551979
533984
720761
615752
139091
843934
812503
853410
218865
953623
198146
532319
410210
862894
251449
825781
998791
620626
699766
786202
124220
796795
558594
67433
623990
74016
650462
682329
945667
554581
714895
117321
812418
711289
767993
69528
118371
411219
623513
681513
139875
391893
968125
988089
690851
560303
740082
832363
968784
565160
216303
435565
90485
7272
874456
155308
367248
695862
990143
220863
804102
522009
335029
971278
946628
459421
345534
657165
293299
622882
476374
428771
305083
663056
446376
555943
844407
511146
742622
233057
988677
309801
478720
431897
156146
264143
190386
756073
168209
13892
718872
551881
742257
689949
965526
207834
368497
295185
127057
403242
261772
941518
588113
568031
76727
988347
890206
505503
488218
475858
773260
530930
529228
253741
902913
240654
81472
59540
965961
859797
328945
428824
185953
241848
164686
323901
820497
992797
698328
218918
359337
183982
33649
569050
939997
430616
64249
87130
195441
848354
706980
728643
158225
363865
653899
409956
837282
87313
144459
734147
27014
881589
119257
151620
671168
273953
685902
874258
365907
93352
481526
359589
705372
825417
376263
118012
731773
799428
295670
554250
864535
338533
993151
823745
172988
243093
975536
95177
290341
449954
868757
607728
339722
308082
929448
793553
861283
296571
860172
288935
734583
278895
868436
820619
737311
770040
155794
28535
676127
518701
169266
509248
515917
989389
496254
39100
930072
839856
960161
314891
576554
818582
569384
235243
219012
350158
790588
384454
864012
141165
847960
846894
746319
256326
972575
628015
281184
324494
456557
821744
591430
67956
157338
191853
787261
6399
956471
133165
705467
924192
929882
43690
298474
459861
505927
943520
589467
777912
577646
64195
521216
383176
929217
605441
400510
96890
37979
954028
919438
629589
443174
203667
301857
899850
282672
68705
573753
217053
587341
791202
604721
821867
554198
420904
855736
794109
310996
918197
408268
257375
586018
912321
671426
843175
236979
758546
178811
346748
464819
147277
974335
591456
245720
195171
970102
496239
312650
289316
324408
91903
66625
372570
192253
750916
943199
676262
357864
557000
928167
29769
67723
55555
364535
493073
402565
892342
165033
386128
266404
546394
72846
652609
678993
740575
920439
958574
547556
435619
557183
845352
368940
321253
632919
582273
538712
873901
566584
486889
892575
808830
190941
706267
680554
417690
220299
920656
625617
391624
207420
980522
456639
651737
860581
715903
346439
555487
653435
577778
945302
29677
575193
131662
339757
536120
939372
867002
229756
44581
235786
379051
58007
406992
635745
639199
155204
735756
144593
79794
914333
668837
216507
622378
587280
64333
443090
248618
873928
849022
84472
736646
630535
198773
439402
300476
363696
659346
988518
759336
139963
226010
134320
560814
177792
836750
970151
908978
306507
599485
873615
835568
670573
116216
558211
977540
838594
591368
863050
714029
775681
728025
274935
934311
863445
587701
878324
469240
384515
747064
420874
679092
553848
874694
778298
567212
661861
379767
480968
36992
21078
205062
308744
997068
743868
805968
238548
326008
604889
109049
664496
511490
845273
273949
108701
744103
300915
518568
923495
845646
423184
132701
745066
464823
42610
448836
384868
642503
652184
649306
41733
849954
99708
360527
800778
131963
662415
100708
993299
195178
874715
808572
526141
537607
855230
656190
795497
598163
701609
233921
11929
937249
508478
916200
922526
96106
802396
927552
3656
160888
89833
600738
51906
198181
959321
513180
618164
254569
170009
905223
452387
310105
670184
146040
17172
261975
809150
823673
57036
612473
157308
725154
748860
969361
512126
829697
125158
319287
469415
169003
785727
705530
45231
500814
390752
29578
251067
124511
231377
595862
208290
135777
843255
986923
829759
811638
407765
137350
91399
906887
644808
529875
100532
200557
939171
218579
306535
512451
91806
656903
7250
200707
159351
829178
805849
409802
917890
763561
727899
27436
45953
515536
111860
901505
502789
891516
393538
159576
771286
841962
145176
787642
192098
649188
857605
261440
671968
468304
117455
879178
158117
482254
651342
949881
413654
34668
400939
627948
597345
53854
566817
121424
846589
183688
283129
875177
88159
109468
692506
854110
431721
350819
230930
194456
932685
230957
714784
800602
352674
775427
192981
664980
903366
408048
749977
190681
251889
628859
967404
731070
218601
651878
814170
232562
794592
742624
456757
273601
151745
609305
202950
825549
252903
603159
693100
285834
11424
963488
951649
144086
301137
782272
524210
770547
863916
725071
148552
743536
563395
368311
737180
897689
331753
667419
400960
697049
122241
862548
943887
496795
605053
660033
432617
544841
267903
785554
345315
164192
507487
950018
90070
445083
217589
600540
672878
713254
920426
810818
146330
143885
455553
665235
171071
83180
76658
58877
790651
373907
958885
737099
211049
16429
275219
694685
798921
437622
37273
780316
81275
785448
778143
976547
419322
285962
812334
689138
544585
519875
190858
767111
943101
610763
197808
267402
403030
393550
589764
880039
684567
845355
621741
708086
80204
524160
859731
144354
786268
41633
242708
989840
45058
350980
920209
353419
270914
243742
735965
234445
353784
567802
114261
614744
514386
871295
781215
808062
621267
831254
361883
272175
380258
779552
259661
39881
579247
914655
789641
891573
279818
165788
806247
630597
699212
532284
824057
851819
79689
829827
3228
884052
27895
646463
765833
443448
574087
116903
566450
588281
985004
921882
673628
282767
194167
822610
66251
480234
101555
805184
139118
606476
664755
573315
336590
899917
733156
35169
994861
563495
981884
505657
225263
602483
205296
364171
338720
807794
86317
296571
56827
992913
744526
89687
480968
643011
531413
601221
42962
731289
209021
428168
686340
852907
759028
504924
770948
891612
776354
819143
799571
975045
560502
125712
131914
265468
273296
529049
373384
306790
493733
367915
495404
147752
46166
525472
438152
364523
499435
17929
247039
473862
143285
971705
979779
780998
73098
108244
761927
738411
98291
247817
780915
32786
979972
929538
992447
87490
434207
790191
153624
343985
403180
701717
281068
394064
662995
160765
559274
353423
62866
668111
114443
26330
608476
538373
473211
152334
683872
14688
71249
986726
23805
485104
538401
172843
805712
777992
89084
819913
587895
23284
428847
266605
794972
742868
486244
182985
747614
846211
252370
106580
427034
759087
209823
290648
682185
47765
429119
723581
845394
475487
999206
65888
194074
64509
389246
238964
782357
93957
314998
509499
370175
163580
582090
79079
403283
164063
478225
305712
905227
457916
960762
965326
495820
886428
966940
816929
31773
552831
45090
900975
656634
184880
297835
202574
88184
621790
829861
406259
271029
460067
763058
633557
856950
586865
604917
290781
851869
321209
240494
796939
400911
830204
244462
922291
155742
756556
384155
284757
570925
660474
244476
46300
705
991789
735722
203622
526285
901292
927556
969162
298519
235271
616420
854473
196741
882020
744393
377775
524983
590224
580373
433090
305583
854933
895157
170591
253912
599513
368730
817444
876610
992364
555730
465563
696826
539354
726656
176563
979798
473723
484230
989155
132872
50924
300123
575522
925169
683392
311018
414546
380318
915998
649845
864610
410999
529647
304664
696877
294419
993173
489816
118365
173223
574990
801624
579809
896095
164244
718156
628254
313406
108703
853648
318476
283932
609159
773266
411189
999380
163366
649555
922270
139859
73323
584605
720311
243570
551311
344560
845641
364264
774899
290345
445235
351396
88176
788997
780965
715526
892240
89784
287108
594095
1961
493044
181825
822024
127855
3336
487317
595470
790861
262341
118950
967665
628556
7424
230974
454685
976826
800296
717092
432077
869797
756681
165242
186786
982063
48388
64974
708803
39125
874733
532901
51247
608404
123102
478729
411810
516849
473368
590500
415933
703868
219409
841996
308295
624721
922358
66450
35136
691231
534786
630296
958315
788142
496792
290133
199920
583493
814440
468709
585379
331449
592732
470702
341285
809187
185157
797948
806769
679206
176683
617172
475312
183488
485852
788836
514650
183874
673697
644013
388454
224164
790004
411697
718759
314569
335982
879950
968602
183333
559732
478952
797239
553421
234325
134204
761439
128159
500004
766684
838032
102688
661183
310753
597576
601672
79081
953886
22431
477418
844433
957722
767827
812011
604157
932189
688028
249566
904036
456690
539471
998561
373328
615749
487284
334219
834111
378938
300271
669092
319340
604325
363368
440213
480691
207178
410683
929514
64000
778436
256736
851018
706648
893111
476945
364569
436047
21366
670196
325439
831527
779859
774672
35031
36612
464760
842661
849909
204661
776850
276749
209520
982649
53965
868707
891858
618744
747095
718194
259703
663934
974411
450929
161908
240908
293726
826953
291847
555986
706327
646671
98622
872115
782326
902357
592359
338514
459068
130524
60331
537029
657695
782880
873743
585053
158904
803187
383291
863678
205506
993586
762061
872880
110076
687543
203972
693396
325115
675665
714676
577299
440401
646973
502204
651386
97673
943450
822013
617041
490119
691048
34716
564775
620997
830955
4232
892424
680793
759863
200852
945857
628512
622187
240915
449252
718665
431801
953178
337727
419867
971878
3832
498799
432637
772233
470601
309390
455795
249600
232046
325896
394337
365379
498798
269429
4080
51464
811722
368055
432339
347620
150265
358769
197131
950093
429648
20229
192477
143225
165529
10663
812404
296327
901086
842279
398385
802164
908989
225048
497219
114069
931160
934248
335532
221002
773601
439415
52688
316455
205483
245683
88692
237164
708680
760464
332732
959213
532707
899889
225714
467999
644697
368369
913099
398190
350848
318961
514429
624984
116215
799492
391723
617166
470719
502927
976549
910434
309914
119064
615348
647054
362114
995788
254841
107104
909021
48963
325056
77815
760582
454324
686289
204514
873914
609634
417041
22002
549072
804107
651479
86158
928853
923261
630891
102465
489278
864095
68164
168651
304658
321279
106608
494400
110648
126157
243318
150971
370125
362581
763772
384209
581594
20044
224519
907465
477628
838069
252235
333747
464722
770804
435427
435980
493327
320860
520659
974429
408934
715136
333936
32533
898545
188351
852426
451436
952058
477682
419966
468960
57737
250455
217253
470049
560291
950284
480643
497843
341991
31981
37561
499715
708094
157269
560364
179555
346385
844060
116509
96912
162266
155043
972808
362802
896861
350708
10234
195946
264718
753476
935892
796293
115979
702621
259366
856408
341940
105163
103382
43757
960370
728518
824045
623545
855834
361399
156270
791635
790419
317863
827731
297907
291658
49719
268422
731362
17201
571075
640266
777547
760511
186917
112429
39289
182018
969190
293646
67536
552574
987959
910835
763325
24809
281259
382739
291340
649517
484414
719791
571094
472115
270489
814794
288998
927232
184835
631248
775316
897653
930264
401084
434862
164413
971881
363904
73439
665639
842544
339397
196361
292293
437441
794253
855061
633297
276719
262943
256768
242904
989386
793708
268582
796559
84726
539104
758700
186145
807299
81664
544076
497365
343035
748814
625582
88875
140416
59868
253316
240525
341750
877904
4355
997935
295531
989197
123471
401594
569166
98457
293627
833447
335589
940272
55778
538234
211769
971671
976578
575071
86600
391257
394045
239702
470750
840695
505654
281354
5560
983436
150242
692227
467442
164657
418970
357452
938994
516517
299041
654478
21426
519065
411288
907027
295504
722268
460461
436497
153293
531959
359022
293351
173004
51518
85091
917754
148062
792587
527530
723280
437327
300257
54552
48193
674377
901440
898833
233265
899433
366542
726622
990214
733901
788850
418029
766587
631868
738877
859461
295212
662123
497466
586435
405754
355374
405386
385648
932767
245099
117562
78054
124477
433966
803089
512272
854902
346888
432638
277003
552692
100115
685424
219473
101651
950553
147731
43162
726469
554024
418523
522820
107879
292328
454836
168876
436580
547922
289721
712317
367165
178495
417766
391129
208616
814224
730315
337627
125850
684901
896745
947509
1838
705109
248545
346325
432675
112308
705668
546072
916271
847323
739254
241251
980485
576699
599165
129289
245370
10466
925859
593610
51851
176351
967826
164520
529933
298998
224655
980763
662766
993710
487022
936783
824889
638119
948508
479015
673980
820049
93589
828348
746067
748061
707781
676995
767807
527891
7903
838173
14205
18524
491339
729068
857782
754806
235146
956445
395427
813004
196615
553768
709058
350826
800436
90816
530095
10139
6073
460895
36424
964704
546399
309495
401682
179484
29826
109536
961108
565529
698593
635769
717921
422209
313316
744655
847362
118550
271398
110179
586217
822433
917831
990736
903830
144893
279743
17375
552927
335334
565675
277578
522746
61591
841917
617972
434481
515730
539134
963589
136787
448670
985525
603903
609925
129722
488953
487198
997487
342482
359488
81260
574587
612406
895745
707023
745033
858629
68603
384544
644239
72812
539983
850467
996873
87913
674610
336857
369458
265973
86587
127909
822021
173592
74404
823424
332823
818224
693288
388148
137245
914790
772452
596544
538195
607446
46370
639845
603642
652857
463456
779910
415196
439267
13234
401059
888994
775472
857829
780641
393592
386481
748354
680545
665191
671186
664253
615480
802326
381392
362973
699421
852926
536360
461667
259755
477850
885088
425423
695579
654454
585113
134405
317587
570940
671217
672390
407876
708801
33799
895705
543009
938354
446024
954710
217873
728476
610842
286104
960136
630281
935583
347390
232784
19966
108970
377772
304449
233703
183025
879221
444388
42931
496131
238732
773564
552824
137968
42101
279383
199084
835869
319630
930121
193781
178476
709905
503756
955266
124635
31654
682694
359284
496591
399768
696173
697927
575956
227431
876755
647281
870296
707096
576237
790378
457429
377800
737722
770349
911299
65553
56363
824365
441552
643239
334633
749931
149866
19644
540506
144475
148827
410984
163717
279754
471899
117284
808001
918739
872221
593900
896227
554081
599075
805644
729474
622767
31632
615509
925592
24390
278377
669007
23334
80103
786759
674720
676039
888598
446851
698593
527334
869434
430373
839445
293547
864690
157606
684120
552830
845271
517778
504866
961433
535434
809073
119556
112230
685508
849281
852997
694818
13330
456005
842109
938918
994526
80579
298093
979304
95977
895912
50723
461564
677489
279199
90307
989086
268850
131862
9201
338798
580860
456051
580789
7047
369249
861561
886388
95395
374717
544111
653165
442682
13744
212152
981873
942437
555079
937899
969755
707407
901167
362316
339780
872549
824039
958264
790376
103956
161574
668793
719825
724236
721746
301051
458301
466644
803392
421688
95364
340375
293623
212656
219820
126654
701704
134542
470336
989701
200114
529854
719737
434166
643580
89601
55344
737167
549137
305616
371476
917204
402038
854199
681924
87530
389175
815553
414770
911924
228371
264716
935433
609438
705004
387035
46042
800651
413665
390137
183175
289250
856010
31830
377753
143795
590270
95191
449323
446943
346050
360512
130398
245086
409106
87611
671600
268289
954710
550730
749176
693100
929146
506615
493
479713
530799
506626
619369
520064
696536
414873
382442
745433
74016
697251
365900
892034
477917
681109
702148
39327
559430
263220
992425
497013
534894
555853
328398
348489
551874
219593
678030
483701
233370
460913
92613
977676
48744
242146
640627
303621
379132
918504
371717
660429
712586
527154
212080
148082
69436
211177
988177
115593
412457
968212
216132
876691
720774
224724
830545
607166
727998
494492
434057
56772
529718
65483
762631
732807
120139
183750
931969
288875
538992
686868
379027
390428
985934
690496
807529
387065
261664
814324
877003
744423
200873
640013
771229
268577
768717
926283
88229
866583
537000
275890
328404
417838
120725
578924
402700
289394
700790
379501
588547
566999
962271
295975
143700
153426
144739
78084
944343
867486
367822
834363
876479
231822
114322
21163
15421
396619
172550
267316
796325
636944
74282
280080
973668
831937
295470
838554
880712
329914
313051
83039
347270
214697
508030
654779
227541
77642
942724
676510
787843
747402
404678
672570
287602
392636
526782
809055
65911
407828
538037
193877
843638
392505
881540
541125
549352
154104
883293
165234
273205
83030
777698
652221
487331
196438
230011
47184
221281
899333
296596
486669
850871
707503
569232
109011
922519
281029
309559
584306
387643
289260
939156
391398
742381
419704
503181
90936
908536
555226
6227
972406
293290
757899
124532
609700
438502
936270
698504
140098
889539
705229
498393
949657
714423
500427
822602
484403
739059
57431
151690
859992
294482
894799
345148
623907
614402
354437
860177
253574
971852
982558
24018
491086
40607
246842
429312
701916
318376
818327
905931
383985
867660
440975
930125
888303
468524
469315
226313
934667
214881
154874
550583
61972
121364
339247
610152
45999
754426
208455
979551
90489
978777
192928
348563
36285
573276
668705
577653
604106
439457
312291
268779
114708
505696
682534
762393
444037
680314
397463
456439
241024
366971
565420
540939
492168
944243
594363
444824
544535
874152
567260
107260
43767
994387
931124
624664
934781
356419
288765
852815
272450
126288
115484
496979
55093
676268
947285
958976
857668
41880
864099
298596
103742
750347
716821
473019
356392
968723
867694
244031
81402
708549
172714
318514
991921
118976
365067
199606
20891
206174
189045
337063
724367
970072
717547
178473
362852
989328
3241
614243
519609
812360
35299
183806
517837
695645
317439
55100
395081
153854
882260
612494
972639
450989
795230
492522
502103
182861
331036
705347
598193
299150
45657
233587
333829
841090
361393
127294
343658
206012
635398
709408
438090
97616
139776
555569
477349
706960
230576
636825
599003
17319
853374
56368
303620
594701
84539
332346
650129
105908
506542
990996
698579
674961
481345
246635
113578
915544
759338
429863
784415
721672
315706
103176
17173
236688
549007
3007
962073
492137
646246
114353
460646
104002
840887
298490
321817
950395
72941
334831
682335
269955
599181
785750
66853
214434
288883
574057
775142
463422
945225
828037
321843
878224
417900
821356
869121
999748
70213
591
631616
519787
963117
719571
223865
661142
367886
148041
129135
569258
801050
454967
793180
929777
656370
923006
725322
818490
510036
476803
986191
711270
203380
286455
376772
158499
105702
354357
136992
794867
124480
850233
863448
31983
91144
937222
347002
944703
712733
400402
923384
550591
622401
842863
936562
443596
637917
166041
344986
434547
573417
183974
854489
385487
594308
477709
824828
778069
129119
727506
887899
257527
279071
102125
231822
630876
415297
325139
852427
41800
174321
239279
799372
154884
629726
403009
413179
203880
570248
922247
724864
835732
702229
595574
511518
182451
926082
604142
661952
11845
334215
499589
300811
466892
773607
592995
380897
628829
316967
633974
538324
25192
609766
67892
186741
251669
407303
467293
229747
606029
955535
854487
377491
477430
495103
68972
768488
649107
955243
552301
410606
698618
744339
217038
294505
603648
635786
81230
145483
889580
637326
561923
955288
32653
632987
395460
637575
425974
978343
993020
725832
283776
930710
370596
439646
634429
813594
813166
237978
705297
757185
913583
723285
642390
946648
465605
459721
996860
646903
733752
737571
681251
614719
473231
79479
543478
700687
763075
196432
192986
530083
133534
638176
204776
133129
92207
493422
926298
86221
579522
440809
975189
538031
98622
374781
350387
391185
758872
84549
464541
995808
865492
676442
666140
348035
644788
569402
644980
697402
540068
227653
285760
478972
955836
618724
622734
720238
454512
466206
675827
784600
842175
213094
264493
336366
186618
481880
808812
212491
296438
789749
21035
483157
455722
23326
398755
107163
602902
484893
282113
81550
534464
436632
794799
151166
233042
914198
936334
507605
252668
761659
187331
367907
692717
634610
75395
652757
197309
744859
916181
991333
729783
675474
848907
923852
937459
679048
468578
597265
665867
834191
365174
245814
377428
983389
341944
469781
350919
514702
323372
977545
609299
800993
693150
27738
471887
870317
685318
728670
169650
810196
655018
539407
689528
619802
110108
629463
54683
918277
630151
160817
662709
882177
541691
671726
485253
543762
374001
612779
228654
989327
627419
224627
581632
25754
470308
706622
940386
180907
15864
227857
661182
586948
225512
113034
72761
944660
905888
934499
34120
890777
816068
941908
881930
366323
772992
543905
566901
775654
711278
465335
785413
933710
371140
270258
68533
610793
55588
36042
23895
775913
390755
878624
337706
911399
285568
513328
641396
852776
371359
657621
266314
275407
829530
516481
891088
277093
958699
122299
139936
861994
408205
66802
560577
613808
68417
206416
903714
477372
332443
519979
908988
651945
540790
469034
864380
646233
344179
483411
567050
68794
736761
522559
451821
763557
34689
808935
623349
845688
896629
795189
47956
976056
703966
207126
954691
242786
481168
895867
606850
234377
402073
151452
441696
576151
127627
785682
290760
610268
295888
334438
652190
919320
331710
694491
813060
977965
918724
961213
227834
216250
379873
462413
308266
422373
326477
288279
89574
933961
809178
155535
138301
116031
95547
112753
485065
804181
276365
668446
558337
732794
883736
809704
845165
362460
389136
298162
388490
201006
231397
665689
618448
509735
641142
112547
536177
860234
996652
622680
286909
930209
78949
340297
27072
510207
311636
620846
642096
72127
141130
923952
388030
823242
875479
511316
359248
324077
15941
556106
752337
250717
108140
906143
826401
744245
574370
548890
420336
179192
949454
68924
829768
679451
228682
805413
171926
779736
221683
84889
348405
383051
502849
630481
487356
296800
831200
939946
395064
664123
390239
548640
144089
826335
527020
707953
852481
23387
790947
839096
846210
663538
75217
453272
874536
341737
610485
174977
283587
844338
271944
492749
880421
972910
933362
684322
577597
532595
842353
715162
943453
227214
844019
698157
760866
174904
97843
889407
263078
650916
850980
389557
689136
279660
454242
821325
119608
586769
631784
98247
246162
837510
865501
999581
209120
903393
381517
545112
310454
226506
914617
361491
992312
681389
538545
406766
155532
628727
645628
857395
278643
172406
114083
594570
683852
3497
450480
803979
62927
487359
647062
780389
252357
712523
32459
849812
192952
918980
727793
782943
432216
46724
714122
98867
390269
441005
446494
510032
767489
73730
311088
987728
421442
496387
406367
355041
254487
704507
816779
182698
862158
686744
344710
567868
188547
70814
967465
908542
156883
77746
961860
673325
831447
186104
798187
868641
791525
732762
10291
519641
18235
162313
624627
226454
878839
686065
957905
201242
377443
207463
974286
622117
198333
426625
86391
938356
523997
425178
870208
276753
464757
386978
794666
276609
166493
496365
609296
45711
822511
786467
366235
234587
82621
223867
792572
423839
870428
195451
496334
185433
175244
721261
997623
542069
73207
742516
793828
999109
88769
361836
422760
917774
601580
552635
957880
534345
467317
423241
270567
208292
873845
472796
510997
889156
68232
679177
14814
50223
51700
330070
991482
234138
457468
424020
470419
131640
87209
348733
757933
224139
898331
478216
238208
385649
203404
520570
126166
63403
71509
209042
618632
382738
246129
461349
498445
655869
991321
965890
893440
330585
894240
836069
966049
911706
83144
668818
879320
410752
75992
142060
480672
310273
583474
169571
977470
340856
988318
270686
193066
993748
580187
834901
874898
953170
260440
572217
313717
419641
422504
538591
225909
202001
741773
14655
473484
11181
682978
380646
440059
283013
134784
786845
967405
569319
28158
512559
328585
600854
51120
613909
431331
941531
115184
321896
807233
873644
362246
245142
719981
813926
800982
327823
431399
767632
327600
731276
601981
335326
521209
559327
134472
918768
495924
285673
947136
285785
311375
248435
746296
620968
194469
490651
245316
315402
801445
405035
301351
57538
832804
669100
656579
818711
700754
820902
875734
297557
207170
664658
188331
463960
705287
526220
351263
363293
953557
936294
636137
540617
579845
399663
783833
422840
663873
236676
109948
761713
166038
373955
647884
943014
716777
310386
447415
669495
972972
916904
724717
151634
491812
462712
522281
299365
112758
619709
787002
143187
810840
97968
634387
90229
167354
580110
5902
10186
150374
870625
708955
995093
937767
434099
929265
889248
550984
188428
354684
680689
751421
134950
851574
691328
341317
348820
605258
670787
933202
185738
599302
916947
310742
656259
141167
788714
226196
392593
677220
657035
246294
613928
584056
838968
439772
258566
582312
644307
533253
198488
446866
52506
132845
742860
723948
723532
830393
640291
96497
408839
138983
639072
90312
169780
920156
405376
28612
647943
280104
449757
669511
490169
884830
996851
175735
369969
896458
388367
676894
32064
522714
296798
922545
890109
403715
857571
44494
968785
860571
522080
417227
62526
500057
966423
636641
977309
650441
207349
1027
809866
782441
414293
139817
39468
692760
690839
736759
454984
493288
515646
465070
268425
29981
991783
851917
560471
676962
121369
36174
804697
690018
538977
254391
306729
131381
203969
738609
44144
680289
200100
314089
553407
954358
854411
102684
546578
173547
938996
438756
101930
432241
241221
772009
463718
750547
137353
686515
578913
185742
329961
848798
807590
347385
738264
582848
73092
33100
95021
779161
186046
416064
716650
483536
386929
431253
312581
415594
715439
216525
838295
423753
670773
13698
397533
740315
346000
349110
112536
291970
154826
138197
383446
418378
103126
473950
509749
427154
78150
406486
409760
689087
405941
78901
210122
253306
865964
754429
105296
44231
402545
543804
933084
576178
72824
442470
4708
798197
647828
746201
643227
711112
339128
735537
883776
403735
26384
697838
575798
110772
622404
589917
181691
236067
364454
503578
660005
515880
817156
478858
969481
788728
832966
305397
938767
229845
613062
720987
644884
651185
302432
54424
34153
925873
888154
54657
316456
865077
960530
148186
751367
895266
422236
841738
777194
526978
197352
725299
568509
621848
524600
229524
45761
674468
787419
327120
66938
875400
712706
906302
598368
660054
415246
650988
14187
716061
531577
667528
743188
935760
44821
949466
352833
84750
483234
559999
169492
781521
943588
205850
849572
156480
444130
665083
681430
266090
938150
1688
564337
505638
224469
604676
223823
777868
809873
385500
36100
736474
812595
598108
183487
591818
762808
411919
805720
171493
553322
103874
303332
698633
335467
435138
540115
604608
354293
950788
54501
688334
842135
915520
438552
926118
29628
913311
745464
742356
61223
292401
776184
650723
791824
860744
486557
891868
435434
744771
71978
17523
900250
150490
350874
693289
540068
392732
917295
808147
949139
450080
283437
866828
722169
839335
394205
170172
72108
403382
922488
887292
199068
267123
309363
390451
671160
557527
796919
518879
167640
136184
584517
668753
331815
147896
62570
283651
165911
544016
907901
409889
774205
738340
51345
747494
464976
417709
841030
801987
662405
597329
113604
670425
242513
393299
451607
311036
866418
98986
864638
755748
612501
399715
340672
449509
648583
142586
922460
987988
235614
347666
431532
719016
71522
490585
690342
134210
803063
352800
953139
656704
203928
233169
43286
622342
783814
288093
817247
180215
913467
606112
851466
565500
903741
671727
48258
428577
503347
197119
943198
408876
213840
688543
20703
57706
364694
760070
274795
917421
550258
664997
707963
648980
642873
149910
701223
406018
356265
868348
42609
923038
16560
57980
165878
23583
56585
615571
56985
595222
980446
336793
189600
398786
775599
360770
600186
335661
401003
685656
889653
609605
738418
858811
943505
136941
307152
810823
417316
890555
701231
134744
87902
485041
751851
261304
22369
309699
206815
104968
488800
618823
477531
752002
935659
812854
677562
541899
125559
311564
830200
662955
107554
756167
624285
181645
382578
124200
106105
395452
915769
457809
584581
190783
190447
441000
35495
567780
647447
654123
623245
940376
38528
688253
79345
267194
45767
157679
596874
89841
240267
473827
6883
484816
670390
644310
883917
141879
204771
607016
258889
317811
267530
624539
586682
671597
737079
554456
519706
29439
123976
992716
273359
548580
560983
117580
785191
970685
932857
815413
567094
687969
922727
663731
967021
539086
82371
705654
204764
154882
257374
980600
900133
276943
547277
565822
65091
694005
659499
863378
833516
459187
217934
950903
149575
966638
373884
858470
166276
625376
807872
883930
955938
700280
123804
555013
660603
86872
988122
430917
529046
23283
892460
527651
76884
734156
495306
140480
593245
911379
117759
53695
503975
381345
151981
170441
924704
689906
289525
565559
5645
14673
298478
426803
928932
732377
888647
314459
132726
707700
824532
721108
598638
951645
11530
18722
342726
420222
227507
513186
178101
368129
751124
640722
919112
701693
733178
461417
728478
932631
637123
428683
634424
101249
432307
11562
312840
542548
678609
923302
218514
843324
784168
722621
553476
48129
410574
318683
963145
435474
478224
688355
364055
186666
575246
427452
751053
416965
205364
350778
431264
503680
923362
678534
148392
282548
372469
596646
654404
648469
889295
916693
620025
271199
518900
896894
574438
936158
610198
948947
427488
101250
719512
669661
922824
833664
408041
935046
922371
534637
501884
295506
636518
239535
598440
45388
623818
574341
551084
357080
252269
557036
789541
909870
262126
914571
268661
721742
788340
602875
974909
337433
839665
33292
923892
495092
76889
204866
663540
491448
785076
511368
725053
304898
443112
168326
920472
890283
80077
929844
47201
39938
216101
534845
570583
618067
565796
249912
930650
441031
560582
271710
541583
486909
534176
826412
771281
113905
958592
563461
538600
764189
519028
251152
34027
930006
985492
60490
237587
623490
26282
244516
817376
858217
787101
659369
180349
913325
942819
568828
721013
168178
210179
239779
254571
705388
578191
297111
552055
493970
533038
541096
508143
784371
8308
651556
16353
839351
376220
297705
567159
706556
343620
375827
413558
218386
158907
948157
79099
473877
64939
306773
422362
45122
292431
558315
11580
178285
124258
124144
18634
427093
916385
858893
1065
769070
811319
252566
67603
287836
615443
862185
582991
380294
44443
398999
699619
13888
591575
514232
784111
185345
922470
276389
131173
886917
165283
907348
383340
632906
16758
177363
335957
833020
918127
846840
443192
756665
449167
705586
96604
918366
241302
995342
604491
876248
807825
927180
338514
108443
820360
617057
213547
965426
411579
463054
784383
268971
884990
745774
318953
189915
853023
491006
693345
18154
55565
590851
187435
674106
718254
522139
509821
613287
74300
609723
848631
695416
916851
677243
679885
964975
86355
154907
339698
385396
21743
476952
315
858236
805061
88268
521074
978979
837654
398066
379019
936508
471323
58804
736896
219895
519578
257894
75241
392140
453089
848802
495945
27013
966558
597729
535789
994814
985160
150789
115834
83360
548429
377534
973418
19020
374864
321180
893708
455328
622614
445948
366039
494979
714101
20536
19408
595862
875282
451393
630951
355567
207877
6075
994458
841147
206194
895898
381442
453316
332853
281526
706332
262445
577145
116635
81060
312215
631117
826028
153144
81600
595594
512998
643742
575621
31041
773285
585997
47162
807772
10736
727814
933167
449699
4254
79053
379913
815294
375828
663616
787703
218454
104376
625260
586816
878241
690535
983122
13130
97123
773093
731674
951583
208687
783492
96300
301933
6230
33105
66177
7096
449409
885553
625148
243445
742486
534300
388129
440403
807355
92321
149019
657503
705
434861
889863
729158
208240
431136
381814
620262
267154
931456
398162
302910
706890
19978
10438
991023
793018
725177
519935
287690
528601
195277
978106
985682
593343
213763
579285
287376
158010
78199
764120
754304
782579
648001
661712
266153
508072
628720
959170
354352
570485
647670
403903
550422
876257
360944
300190
427555
420014
184043
52320
529687
338762
624961
438426
337
23741
410201
914978
595728
889356
388357
865973
432136
839429
972538
191549
550783
599835
174872
58987
650356
326948
320903
925431
100505
405097
782181
31757
36030
709702
884440
105001
594497
569031
100267
477069
356262
476681
177840
770363
72698
806777
807619
659049
43810
676984
334312
655862
714047
12612
558376
747483
821917
538727
917156
484433
220418
461329
975690
165892
190965
674668
493592
469884
602746
46585
814523
338866
716340
627776
873398
954935
39447
343651
357910
789477
886029
921484
902424
902889
6591
601800
771347
473640
380539
183304
248425
693420
59112
242597
434224
897452
408378
440709
69700
529533
370644
630598
740618
546347
360007
438111
429845
917974
744475
744424
303718
994973
786984
260155
833805
569352
986948
40536
485885
693586
539576
218208
849544
928152
131035
665290
941348
319450
745049
236134
361897
978513
102535
964613
79397
646197
505856
671124
561068
231835
139702
309334
768806
489502
636379
288971
911348
932705
169596
63071
630453
139893
19272
950604
523110
402791
287393
598720
139787
195350
946645
714223
595650
390894
454681
254318
909353
28164
170600
267112
363652
857485
564823
668127
487626
36192
810886
603118
238527
433975
345277
276468
72540
764991
888398
2307
84048
830632
478560
78642
416306
64611
635509
242721
879732
495477
298078
893557
767555
167235
335681
296792
892490
420033
848327
945767
224281
935081
487299
842295
294459
163564
651554
966497
434536
274287
789926
613261
776234
894794
576995
868521
524723
599006
933119
860831
456829
604912
360559
725450
97510
86573
232207
984263
205266
48619
138202
700751
273719
564419
553371
69879
367886
119128
485724
488569
661236
593628
589786
197476
742149
656692
961917
765215
725368
303107
260685
94608
598917
164332
874937
152379
191297
569594
177922
535575
392940
819818
653999
939898
290066
915445
188514
527352
967754
655053
810503
634018
803050
765213
944911
189934
610889
319942
166619
451160
976531
605754
943005
619138
500581
780668
66026
373988
351339
327431
274194
506998
808086
992397
485677
967473
865430
944540
4194
488797
488195
212422
421146
196232
765085
540916
36473
645635
896482
578385
815621
336881
626357
145995
806100
12341
148151
107257
193250
553687
703072
557623
80224
938965
278456
530401
557000
270844
492639
377584
905469
427880
106721
96202
848538
145219
520652
787633
945347
527867
427764
968330
440030
585585
947998
372373
592941
363599
187324
892747
58171
986840
883760
185932
645641
467599
631919
354127
729687
593315
202270
221072
713357
914189
283018
127117
124883
265784
15860
201190
331977
752642
428739
232944
655891
277855
263154
275184
538522
718759
302238
770134
689386
711532
889677
350582
23931
106794
412406
309412
281990
534271
884647
179349
798904
443627
727971
460267
280962
332381
317800
534919
876766
288175
489686
155605
235641
388230
527397
53989
168601
828524
63231
336697
119658
189324
408399
338287
720848
307310
467572
849310
415200
326157
807018
118019
964442
858406
30197
139947
91515
374309
428594
921375
4506
262843
91648
62112
293147
647943
643026
115040
329072
598166
250705
784686
507997
986280
568172
529773
134981
329648
967065
33740
472300
462224
175408
132729
611011
72543
608793
303418
916650
809626
455831
637632
188337
715111
443416
929358
862523
879732
733803
267065
309453
877983
479354
70641
906910
663433
600363
46208
92264
82261
517531
325521
35568
925948
37104
784229
176087
851941
290007
964701
381719
159691
438413
841247
538226
594256
454025
595545
333041
877555
34457
757306
236334
617645
619238
387354
698528
910807
898558
449948
933451
524602
901493
494875
73550
174926
973432
62769
588495
32803
353750
623336
478171
110932
863047
538092
462914
444173
638798
931095
488736
194088
745451
807178
395708
495167
980979
685328
812560
739888
394304
716188
622473
446688
304201
126784
868278
308235
581406
688598
874525
667129
333682
395996
629222
553448
479070
977778
806334
552051
985627
344628
848917
956244
462431
975227
14524
402653
10828
914861
537746
625552
990362
308134
177592
242652
186911
98865
69195
69310
950424
551982
545271
910246
394921
53072
403981
343210
375275
741976
601093
62176
753303
311786
36498
364307
554037
531979
112047
420740
565847
494604
746672
949368
696574
150629
733947
748403
401459
880747
406839
165403
359822
566601
362372
144423
779635
890024
913301
703808
384569
54560
424868
142004
647097
976264
881949
746004
461557
977632
944741
356093
71949
930629
943862
779270
86689
177925
835766
376702
762953
216029
744559
683475
974522
935877
353822
112679
907314
679121
75025
290310
38685
910008
666796
738953
491044
723456
827827
405712
670276
116043
857067
411558
79077
862241
785404
797921
301708
137936
594122
845403
8414
409179
495084
42103
629714
472907
543615
834500
424945
28839
764433
546081
673482
518473
332558
443281
398231
436937
27943
183241
187584
685024
687078
968051
729385
528279
208344
37496
27285
362779
874264
733869
53928
408878
277694
369210
499254
312468
453056
284276
803234
226007
310160
210762
531739
143945
254591
779175
860707
987746
449383
215541
178430
74028
490135
586474
993389
658318
847471
731472
126484
152851
566679
816085
919497
443697
241008
869446
462956
372763
595494
703198
827961
134653
876303
816784
291379
723264
518530
864200
169087
221803
710611
566138
954280
10305
572746
179249
21382
635534
343494
406506
92499
573391
960763
861026
355285
280784
911712
585935
930301
396695
750069
137646
46518
46580
656086
7236
552510
486584
506209
424484
159922
309168
612373
662413
782326
404716
268961
623428
835601
137406
410270
855319
612682
572728
766988
34227
159499
754659
679545
758901
331709
277585
170989
78052
763109
285009
223908
230521
52170
939079
724805
762941
865371
136408
507872
333737
14644
453768
514535
290629
161464
478788
111850
886149
911504
264771
936319
443967
496102
636699
546803
3371
443567
413575
564897
931845
396636
365985
522648
250506
500954
897161
682844
85175
837589
738983
853920
534709
804924
152854
485487
21586
857262
670630
944594
952934
435290
192618
507509
629382
722594
215759
518830
756955
55737
415975
987347
222939
329817
79828
368084
392416
38794
718029
52588
847601
966731
713946
247894
432307
36791
312072
816268
907926
205936
324390
409001
185153
940861
439347
690318
850179
377941
176571
608277
486768
63716
113909
675039
769119
514128
818482
700215
812594
696708
368776
689391
35200
366179
484509
489260
99514
77741
499393
444476
632048
425432
125711
453384
54360
660206
51663
412115
340375
388485
465287
710069
746676
41444
569898
858503
650817
102985
707289
929749
836601
968240
969004
214319
489685
746527
136957
211385
294167
65035
399119
417470
943496
12106
606885
493403
212950
79932
150953
854877
145327
907971
925675
875742
681437
172136
619793
907710
495100
263110
693932
197912
47202
575258
729453
991776
564531
387530
776142
84580
426302
836801
637823
503480
605314
807620
759671
851879
757334
792627
622476
426579
417576
399986
865157
368564
503949
790554
394231
963852
206792
466284
368455
919678
654298
705473
376682
426971
505882
219357
945829
669891
929296
151197
439777
333348
541411
37329
968468
372198
554689
797947
164471
483010
463922
490404
57004
732688
128560
562899
622467
105090
734229
685027
51992
743679
213676
299852
879391
851551
148154
376522
512241
869399
438065
227458
394231
251912
677810
345062
447850
656447
855661
892162
359973
783557
434839
391989
301802
413544
586973
864286
353201
115982
598980
79685
672340
528763
810132
114776
218097
710410
878514
916584
951240
410171
197521
540840
978775
122849
616579
307154
130906
822583
450137
902702
727539
101777
680931
126753
114317
383205
192170
821751
762296
819954
92023
911384
265149
878765
141327
79548
343493
158379
542088
838758
394819
965115
835710
746748
683772
89624
119210
677646
559232
796400
945602
433196
451681
614147
535546
415546
564531
138270
867468
200873
437986
588366
546976
304687
2048
30712
368874
862492
469786
964391
58282
695882
970245
991242
25484
297866
608557
445810
501108
178614
258617
801156
756462
25676
290264
236940
743167
87843
250917
233272
154663
80005
123432
357492
916336
680420
901844
90347
517592
373155
500896
947089
393678
803317
629483
751564
924867
540697
681852
683570
266024
884201
806335
172381
124618
77396
575535
748137
977435
587465
137509
159850
487097
734830
962507
663589
170061
390464
256911
806280
628195
489313
854527
293633
147781
834834
377630
526570
485010
584154
120484
373138
99811
22182
833727
30891
724932
156746
154700
595144
313449
175213
648901
890975
384991
644937
593709
174689
205350
473238
631510
934636
79416
606454
840912
44300
510619
282780
442806
939927
688228
258307
11030
466167
226247
843356
452867
446157
558783
694220
639284
774981
285877
377993
10278
7539
439548
354528
216089
666269
586802
662570
63814
16818
562528
549897
900103
207554
20700
519579
593425
711746
221989
327952
562921
923260
867084
19256
875103
440530
586731
933374
916616
255193
992647
817246
72334
141666
68911
518671
680209
519386
464602
244663
841897
280636
627094
783079
596466
500279
506505
996661
8435
262759
457434
659395
241920
316226
119068
207370
518219
495907
712538
357882
114179
508083
870695
853541
142357
553955
794664
760938
206681
26528
197449
910818
36357
849341
891333
494270
478499
365804
317480
212346
68819
315457
15216
578821
404503
917773
963478
839480
442479
613954
799167
387288
258708
725528
955954
754109
805659
268876
471820
526530
58442
235166
231630
783488
488297
844552
257644
1734
757249
311487
322697
37939
190674
728431
455127
822617
135263
609503
373952
57177
807519
678328
462208
204469
848221
961499
540901
61961
219641
56470
13019
772332
856078
321289
774947
775878
166846
312621
127087
803430
808377
701850
534013
94496
161707
671276
222943
833989
28741
870144
940426
984271
108531
244299
715954
404073
828701
752840
159662
905340
965153
531702
523442
895851
699932
658547
603094
307062
821050
383410
167480
667382
13000
290300
795851
744697
59567
516276
668895
523319
927410
292847
938146
728394
529410
220287
128527
952863
512837
819172
394658
534912
394825
222742
305722
72339
736281
942352
549449
520411
432051
854081
992364
317705
767652
532961
452629
110755
216410
305400
615992
777678
16656
853252
830632
634376
248323
838891
592182
587519
600728
42489
142453
151360
730088
542757
189024
442299
360703
827065
996868
38193
599760
202196
595106
197683
173883
523392
290932
458460
944273
972265
965088
493739
835140
633351
860862
324556
81136
64225
421050
505598
57947
598271
698297
756106
826572
871525
164449
54439
506140
527004
464295
747951
546400
225318
25508
596591
777749
89135
787694
583446
96324
987392
660382
510958
13081
712333
853078
614805
761379
668691
989656
514093
181574
989661
552584
629079
467344
48846
143870
324195
702241
446706
332636
794587
86597
348908
241310
223182
382558
708153
64061
930112
481296
181840
43783
700140
255644
600911
981915
745824
662445
82610
398536
286159
10914
870273
459797
281879
290999
635588
506633
25292
170743
659970
385078
763166
900640
339151
31543
972446
672286
841926
277377
781670
174734
673727
891356
521693
82612
697958
303912
192208
930082
278495
889294
580586
992685
954754
391239
156311
804121
789569
548201
496663
315098
457060
758115
831374
748548
624606
924645
39770
273032
235469
724970
902900
842107
245599
757902
320768
496132
843184
114835
293472
232281
150360
839912
280479
7428
621491
342269
187020
489300
784379
879428
58791
619041
808706
749786
27826
136761
21766
756198
890307
272916
914784
161352
7733
121278
823872
265058
960787
296944
199813
694594
920
72803
328023
489857
277554
263312
798489
121750
312937
276797
555124
314089
768568
424713
920735
929756
313324
961785
353361
400746
782940
273142
197660
561439
797832
833798
458364
789586
378889
205470
18500
181658
417905
625071
81057
111240
663224
546970
902741
653878
586223
726128
675236
653529
521853
852409
771352
380765
252122
645120
378320
597582
371703
745157
142308
624407
524425
775035
486994
236802
840438
311365
441876
727236
130311
108138
708132
791617
40565
849323
391143
783821
457023
111225
573814
857437
534458
514453
20478
196440
470579
563461
180055
613906
920288
616756
948456
225064
380114
161828
803753
676037
745958
267796
87051
165406
180506
59887
183385
687132
610516
101427
611823
448034
897619
786167
831484
590911
232768
520990
902310
422983
110978
77165
221409
846936
41821
249166
870950
50016
498503
225046
325158
738000
734329
263900
109000
942873
747017
900858
327665
51637
682448
761260
363353
108365
790907
731387
595457
257636
92179
391142
423853
643658
766071
614189
375147
157905
865336
763198
995103
675200
693838
757866
36713
488704
154467
266666
63767
687484
186249
629298
179909
515669
94983
755217
928021
395274
668312
558913
773557
79965
432254
495698
446725
996521
799378
598801
115464
886755
935779
73012
10256
311364
717370
186513
202942
892684
761698
264308
695610
46964
836719
217176
124875
385798
951176
916394
144381
778179
393788
463767
921751
240359
933834
121033
26684
830922
549341
879481
102404
38304
925703
831431
16604
494524
743799
772366
280289
413093
358387
441030
795678
971257
561027
349587
118292
360778
763369
899259
681265
965833
766836
934388
235523
305275
499212
444554
636522
621915
728544
166240
975687
107849
441813
389084
821783
148918
479793
71504
116998
472058
709017
75756
773343
158368
594633
523009
340684
246586
628293
762415
82660
363809
600063
83495
644569
206921
685318
191804
363618
711046
284432
309858
393779
458352
722628
703827
185999
110879
109593
233263
51081
955131
7915
403806
506092
961628
858141
121171
80404
861943
365590
196585
719697
687896
627615
294015
279096
120815
409506
606349
227229
356647
860592
95183
149894
702291
878540
842264
188039
370526
978456
532082
502472
105602
665301
53529
716973
115743
218534
355631
816203
727476
440953
81338
312579
529233
739924
731053
583514
561626
660375
599651
248163
822374
878052
29009
900916
626683
186018
585914
32610
441795
790000
247675
716545
754310
54102
672988
815203
570890
296685
437504
749506
781027
908280
686549
264188
11391
501399
896468
917657
157114
219933
332567
43571
778611
149412
71552
741164
608197
837413