776689
631575
380937
488624
299348
252980
157061
135660
495876
492108
213185
114922
304451
492343
795100
479532
81458
154437
637242
616762
251330
845985
210046
435878
210807
810458
822673
787401
2236
558646
126852
652127
844866
303355
576919
806649
26480
177293
840027
208079
232553
465091
596318
316094
276344
821000
486479
160826
905278
710242
26449
937453
66261
721411
92479
77276
106233
604253
248383
827119
286627
82193
670064
396954
448179
346384
817641
541417
741871
642033
112837
230465
893497
104678
190300
481034
137839
606984
989866
648975
831592
904782
516656
73690
32377
963687
916230
779240
38451
84787
992526
444148
165330
677964
475640
595403
642628
828291
588324
131364
771546
635171
946835
196745
122243
964415
43348
238421
346782
253753
658060
800218
914029
288081
453720
225055
703357
825979
558260
276596
544290
743169
617224
176994
960697
634324
692561
8495
954235
573895
37935
23505
257227
773578
125157
159081
987848
899126
244586
275020
984127
579263
257910
554048
756483
959955
537815
683552
7716
297704
765371
481629
747121
112603
406638
847485
436521
795811
578873
543184
116089
873265
411896
836249
654735
207547
709595
838146
792603
171807
125944
100450
110194
886942
29646
291139
77759
930411
479466
172965
798636
544257
61748
942653
513552
357024
759650
133475
212760
193785
74974
999193
447898
865602
572052
293129
531307
622754
380272
763612
591441
847568
938193
33889
192333
154229
398767
565927
611390
822365
715780
552375
354897
47430
618403
34577
503879
989142
190538
880000
999603
267063
734931
468846
166310
486289
897043
947232
337975
494554
843236
214269
530368
79766
571429
374328
410016
980560
92924
513811
454256
477259
439947
36790
694133
529296
813117
91066
184692
817983
105561
601844
129557
442631
1394
133149
443551
809082
834047
649359
160906
964812
752849
503628
913826
835288
655091
695375
189444
954341
145642
914617
69443
902750
287252
703859
398883
913799
89810
959142
170515
392505
339727
916310
359927
242752
732551
553130
608136
758585
406024
817216
223524
55696
515409
311730
720871
33948
168299
992560
645247
679418
799965
189284
446198
984374
81056
451100
959360
897751
650871
72018
11417
446260
957355
437060
499869
272406
117211
7249
236209
346002
459651
810104
326112
724004
380539
858429
380665
28936
361772
31795
233718
697927
933960
322212
378452
639133
190829
407245
458015
60391
243861
447959
502896
85358
198756
964781
54999
447806
844955
398280
341114
229134
282271
744333
229938
996899
209862
372927
406882
969169
547504
522616
779931
477495
838713
422880
418353
507217
591447
842369
120111
562320
236315
339945
917393
915313
957253
89621
552846
516633
223166
782875
433944
105910
446260
615424
379462
67332
619117
776790
559123
880196
7174
844623
574368
894547
3817
279240
820095
609526
795447
570558
602919
575271
905867
527329
779451
205899
665937
921626
350179
376818
101866
340671
405718
685000
41053
734746
671499
846468
588538
269655
629420
531825
952866
585280
265810
168277
877660
452151
395324
972822
151365
544477
52799
7168
320306
611
628053
47254
208115
579057
124721
138166
869214
638514
866865
821113
441461
358328
949773
569743
728008
125355
99340
325146
630613
67354
887881
945990
92927
452344
431741
467179
29168
428305
48542
941132
672282
494667
741019
999952
471781
517861
99982
618155
715898
376259
158281
917099
913276
868578
992087
409886
647286
411349
903394
827436
325463
498881
388606
907504
173661
759225
247395
444192
100785
416314