809496
189429
269894
620689
175288
359596
64392
719799
689668
780627
585338
303412
140108
329153
216789
586766
721034
906703
9010
940687
619826
518143
707944
138282
20309
878549
294711
893887
509513
855047
889186
896977
866839
304180
50322
857389
834639
150778
218931
199918
753634
437736
511944
320809
264954
54401
603667
617010
849271
852940
554439
504136
856139
87389
957517
376915
423023
60760
266732
779857
4541
383789
732760
187083
977232
589474
289161
791352
164431
32520
982848
219713
291763
241752
749858
33692
250055
890812
46518
246971
323534
443009
857783
182413
997105
559939
344599
494002
669420
109622
705084
607983
446244
5949
193414
641710
295415
539887
673453
197272
658319
491281
798548
78750
550181
898269
903598
504343
582063
422536
294770
363647
239999
49478
445206
712764
892758
378318
470562
543687
11340
624174
240803
834757
166304
856470
741965
910360
654998
241320
161165
657950
539605
61909
803593
84231
924080
86032
377095
510978
392739
169853
978480
678846
58726
28167
842501
716864
496299
82448
961922
917655
134864
563450
163413
550167
728094
782882
715531
308361
118303
66153
28774
753635
995795
579598
728084
707502
484242
350857
346643
546719
81589
683958
417315
67845
676197
110728
452496
436545
396502
588934
429274
181395
784252
250746
961819
113180
72352
606918
80415
353778
376934
908393
918369
248212
907317
520882
868568
60243
466735
961910
359949
791552
816790
271583
790749
925070
123291
998533
814294
408761
830101
866626
625287
506323
171531
995982
4414
491687
519301
372563
317509
620667
126762
298676
853910
127026
103222
785334
881828
23458
772080
806607
112527
471341
950768
141899
661561
743383
618071
194977
451561
88972
649273
492570
45740
971213
58860
423835
335968
876969
682537
302697
884953
480491
495257
972799
306035
887586
4748
310633
890228
868564
316046
7855
526653
693593
459785
628084
447437
326951
271141
882058
879566
374645
421579
524218
825677
139145
385781
701688
557585
339592
319940
668134
925764
120936
897911
814950
575946
530897
416543
765614
359469
844234
450057
142579
726862
67667
817244
757468
640163
290468
64271
722771
199481
740239
814104
568789
306531
703850
361423
97224
431625
70161
394654
411912
199096
58225
127206
238549
170714
567404
607734
375791
216354
966165
870275
335309
968300
180499
163868
542145
418150
461907
717529
949793
236865
600563
248457
305250
759746
580942
783598
355248
435883
220179
777569
526442
3337
82765
886639
575670
452297
720492
521788
311453
929712
90141
831380
368481
428901
959936
99104
519223
557706
728571
767544
255077
799073
202772
888061
790108
168246
77696
440671
881908
916595
92017
957427
385847
346835
456885
802291
418698
495535
467874
792038
916669
237269
548385
404897
359320
794184
480754
737931
174098
798526
87887
335453
61716
170093
467578
283527
995352
818695
259272
222538
592562
497903
181785
840324
511600
558697
848737
460536
692281
932271
399136
694387
372744
311623
252665
398385
13788
563793
123061
316462
193152
894858
967733
888855
416468
549508
773507
160808
510092
63840
279533
206800
8799
947008
861557
697722
313678
482419
411870
561089
382697
781364
753638
743608
198826
351616
764950
752291
775472
36500
224020
316932
936703
608150
833844
102252
519208
341896
811546
210911
897153
122752
439396
825826
252546
832628
428226
725444
941977
223108
494841
90180
563182
519727
701809
796198
474201
348574
459144
324652
204597
509404
244947
760020
16611
121854
413008
269081
396912
813942
192022
984604
345423
656114
711935
457
863461
26068
379859
490382
783336
631794
42123
91282
285960
253938
939864
447917
613826
312755
18996
463254
811802
122681
904686
461719
252546
321308
297692
285422
385490
894982
376479
715500
795014
334813
370817
481574
650307
829569
927223
530709
970410
808722
961524
624230
904935
88612
720859
475339
199330
325932
764821
508215
522969
424058
70626
115282
745460
390143
23178
429045
154339
978279
284792
946286
786738
261320
216492
280718
628838
209083
232809
154852
254212
27705
901260
161976
165245
469094
445955
446031
918665
480483
35667
36939
954950
799251
898368
554700
166337
331309
63211
652306
538495
392227
387308
269267
928803
204888
954479
954619
23062
46430
233969
51898
762925
374385
140482
230181
750444
307642
801758
279024
918180
295624
892863
187497
649673
210786
130035
7548
409178
900109
512369
296376
560122
206640
684984
508646
777682
232846
320499
381706
748702
581959
308390
635670
771918
256392
901797
438349
620085
844222
224752
161463
603484
844565
221731
403385
460985
218195
465590
695892
645023
332183
786399
340146
880613
50337
6156
86254
657454
687076
189033
52297
17786
397055
869751
723441
642399
581848
803833
447757
823122
201832
955452
509655
514404
271120
188109
985270
841195
103529
687602
832179
601286
384098
769902
949912
629652
343929
114118
841116
621444
931996
238025
600424
25216
29673
430213
274659
962359
641996
997931
24184
917395
693708
251329
48239
203001
313865
363830
714347
316359
578723
274033
769064
114690
592894
466256
747670
560996
597981
483196
149283
756661
575730
157885
136412
679993
460755
910082
676437
184492
394018
324301
504018
912616
887841
262212
100321
636739
929243
542835
289582
875423
438892
410032
437879
446573
663618
410856
595358
658619
361590
513523
689069
222813
191902
668971
68628
884322
198928
188631
118202
412236
204901
824821
564987
815316
93688
252177
159045
823413
929509
271145
129608
336424
792265
393042
895172
252334
785739
454225
899052
706779
296433
688705
231858
85862
276946
22436
880637
80708
86357
828538
184889
485889
1102
230414
467685
197922
450380
61818
415391
967789
112334
713454
127428
731569
846486
632337
312668
938652
266729
12285
580820
223749
96708
123499
26605
960997
474392
733
916275
17636
793526
250420
850059
212072
809163
427675
879870
460517
981386
697944
425209
987800
958283
437717
16252
797380
824185
798691
650551
603955
961642
597701
296248
731193
573056
438897
769932
667478
197420
995764
753400
670491
476671
581300
270366
958103
10721
925455
47613
360140
209161
264161
91107
849779
804926
887095
353015
355537
779078
68373
897117
735500
266415
460118
395045
577509
402530
775845
506522
538985
926834
851849
975090
15834
935771
330238
675734
133813
584076
68239
121982
912810
980498
13251
891267
350216
747321
710473
283358
811480
910234
187005
237334
685884
454929
979513
290332
353544
450159
133871
947636
767628
381708
826719
657892
817987
457335
905948
746205
921857
77977
103639
473241
5054
688434
397376
834508
390379
593750
185547
337869
737889
950100
293477
678707
94482
744832
438990
182625
741727
191861
173612
744932
68507
147908
110238
733348
835241
661969
691710
308689
483530
167440
14329
351435
113266
227209
166918
4804
548383
628601
560567
741144
303571
515639
576551
592750
125878
105605
646860
784216
511786
680553
375714
65147
491704
102850
148596
25451
322794
199211
764922
547576
743342
369591
408280
375036
958081
548322
712875
698974
266046
402252
513216
192365
553260
162301
739638
862960
88253
6580
472303
338358
270103
909206
32921
527361
473255
93110
289296
689601
693274
303158
759756
417187
562842
725765
528704
861559
319406
647882
845837
786923
807551
968661
850401
165977
121802
326313
385672
551190
492770
4388
688949
484532
935444
255423
380835
153222
884750
924914
349534
71884
91698
326890
316673
463521
35345
124917
357825
916511
844942
974231
162077
422257
324396
135072
876778
899368
763843
410247
228708
407781
730416
523132
174377
736172
242716
551314
992936
125680
777353
419496
965973
431437
971614
142805
148783
811006
715462
269558
130092
160364
706777
94234
612566
737071
731308
458095
996826
52174
103778
60933
496368
256635
574171
690583
778072
591722
946242
459812
819388
364352
412494
966126
916763
995852
19256
894474
409507
21721
751503
43466
147337
773245
150996
749585
282782
448781
303873
650326
189515
909985
638539
33426
487354
550899
867992
777513
112077
664401
567352
313569
340412
820411
517978
63776
298408
137499
156606
695399
854936
352268
179108
163700
597770
159942
8445
790796
75396
561270
970130
223773
906888
356485
790746
905036
622740
814980
604054
768696
732271
944531
598997
321858
532036
91167
843560
17935
101869
439575
321032
316309
214388
763787
629426
230567
448392
946402
978365
381666
396674
513481
184873
539941
918754
644500
831299
349947
744939
85084
740928
517865
98342
925266
406642
206851
905776
907155
816028
97346
825610
803249
979200
337809
254759
300353
411989
343191
312977
715475
123429
851653
734733
901507
840119
691669
245036
486429
944705
962005
860997
577740
688141
988030
437520
60158
44877
799884
364399
161985
338962
813758
212067
964959
849761
761244
280564
933606
831464
71851
92965
658501
502269
990259
180194
561169
959241
22532
313744
349313
157056
616431
403792
594162
552569
190747
238441
767213
172088
64597
323650
806339
620671
802015
461280
778218
537512
291356
444126
555651
854247
515299
536763
490087
327427
750452
908645
296817
846087
159653
671138
695884
9106
552702
61473
373024
185952
735168
394879
188284
46933
191568
298848
316331
882948
302173
41211
395773
994083
716969
840529
44100
572914
403073
278327
743562
710200
571296
504962
534736
369711
939254
393994
831183
589235
386210
688929
86767
413977
373450
524379
222261
37225
468595
109023
399076
693106
664377
706045
92817
533270
109938
360075
695277
515956
32274
532707
717533
64334
28853
929031
290618
601163
824493
573050
83703
998927
11950
862246
647474
756644
766075
308159
497357
737554
705756
98169
340327
232272
553328
693881
754803
811729
216891
900290
231671
28780
625182
642003
811563
185365
326532
622139
909143
633071
829127
205943
471688
937844
286631
809734
109762
553179
132718
173433
112200
416298
873440
541319
371345
139431
812522
124376
62408
750380
627282
181932
161685
176434
64390
201422
896355
539828
543801
439368
861159
741591
258104
472441
614033
123355
350642
254225
967860
906608
90959
134353
346153
62731
166622
619050
351702
948188
497312
802645
288344
4057
863267
27348
839421
32251
24609
708563
115072
7685
826084
637666
33252
80791
42337
217087
501009
958305
825528
255747
577370
691135
395565
422455
637404
420052
833362
26237
456320
945426
581247
352157
421099
249843
383758
856365
829045
670057
974776
808649
18515
218516
477685
699347
723046
118308
854887
972632
898530
556053
182189
760785
371213
560241
320378
839511
460171
697118
633107
465242
30505
451347
640477
889636
771878
892145
892136
259187
724342
14690
478479
543361
908160
286644
140984
206002
582672
147364
6128
125484
604586
72015
935217
262747
216135
290271
273387
951020
997659
33597
308770
385661
340495
135978
900937
450817
699307
636163
116762
224554
609929
665504
160067
980267
871957
660347
191616
257818
869465
951949
212069
936659
748139
52132
115121
579241
729206
22753
935734
841433
573689
887653
306721
362067
533437
832606
160827
507129
461156
885967
996420
499492
745316
613116
495766
656395
248815
734194
754278
269751
965834
800509
823258
955125
881162
597101
76429
184494
132952
669718
425412
572735
15597
607451
20863
27506
852409
246282
80789
831594
817748
997652
709989
756380
132295
74396
521042
244274
147458
544923
874068
566055
864365
782508
704025
213753
558014
421026
350320
550743
796939
705092
799430
387141
159151
140004
495935
593991
185625
256076
321177
846231
802646
847645
355641
845634
265001
369613
62769
311505
324907
18798
419383
490564
779707
169632
914604
235340
740783
870346
873835
317061
74905
489957
256597
504865
28821
726317
715923
400968
373416
418417
251345
557839
565879
602806
241875
711078
686553
365882
921512
562841
256695
683032
789142
973494
341689
594242
699739
888825
354610
974382
249733
187123
771610
936244
971076
350307
605741
853984
735467
220130
485496
62422
303810
272018
107826
983352
142619
990182
256415
999961
245188
408206
876456
592478
945499
489744
963855
865455
979210
211416
713576
371756
484892
293057
502077
301502
12215
69600
912751
931037
236599
955620
98175
718600
925653
28190
5931
334455
814296
699854
885483
177706
858415
28139
884879
187722
135840
25973
890760
460437
147652
479144
116493
380597
426945
336910
740027
613446
386193
409582
728666
847398
671118
856946
980666
9044
860493
582994
532408
760994
586556
101313
722577
830415
884106
82275
71758
736525
163134
386745
793931
817960
105129
934410
795690
395086
469129
956837
831979
879289
92066
49464
806827
748990
219453
644671
857881
625810
31647
809985
142490
700569
420443
721176
26723
621435
997625
786558
763928
463655
16220
280580
613126
861022
622321
491560
2104
192464
585208
37784
942020
218471
594811
667408
641766
554795
786211
216782
437035
879050
239361
204260
750251
290667
542689
417838
950082
50898
415131
57655
143093
451735
158155
39545
411444
950182
601337
700471
63472
442024
921611
3810
154066
779597
764797
516681
868499
532924
381000
824402
278160
411147
950039
674587
6346
455974
917920
28438
731842
134477
812900
842269
194359
272190
82150
527412
240692
464081
486482
28672
838701
502490
689495
564161
555034
101700
655645
884120
796037
113861
615603
752599
429768
141629
574104
491731
762387
412737
34709
33574
717010
327575
364155
219964
164066
526750
571585
482779
204597
681775
77526
14380
571790
744824
682011
497039
446509
954233
231993
103942
120100
703820
12647
129751
998735
18257
804007
616030
444271
141066
583461
829985
794793
168118
301335
806093
904223
652544
434864
23617
400754
666429
226926
955863
857530
574272
317246
33723
614734
704529
415452
106665
218478
648036
132
40055
378199
403739
75925
183685
782747
497478
622071
158510
478842
143575
342368
434378
383766
70769
871909
399264
170938
81734
412070
874664
660663
740387
623430
631747
338956
870289
115523
875216
600341
771444
405055
920600
525523
346174
338359
196763
164079
192671
332305
204839
132249
639587
368579
6327
634458
668551
607145
197133
689716
256154
908734
403672
644379
212349
613812
890710
989182
883185
204760
198886
673649
944846
617916
156964
661684
731522
372521
273964
977170
470215
801473
488360
153196
361527
484337
998350
718940
396703
186089
340314
674011
871951
799060
457100
244312
395167
825631
239870
822778
244919
884576
169763
269836
900308
678706
157204
288933
979420
668778
847120
988127
709648
360903
997132
253269
468902
235481
70219
861891
695622
780938
885612
650113
808068
811555
436982
906755
600986
465705
109757
430587
632087
820161
92146
766885
855435
945903
665683
879352
105797
759103
379004
510162
475263
524301
966233
896584
606511
494617
96307
522340
912090
70622
567959
349071
490389
636996
409190
994645
460115
126565
811847
275025
489030
266764
964202
252943
226410
70011
112857
519598
751010
213992
922342
292566
187444
875334
304179
785627
116335
199552
368696
400947
422935
366971
946401
955233
529932
436710
475432
582379
204328
132433
817760
739105
500226
233233
149851
120217
576468
924700
330006
495257
910899
411367
811452
619843
35095
495926
533078
794520
923548
554591
251270
813410
355980
45358
423547
263973
477194
139023
136871
962053
624873
295085
463050
163173
984009
595069
230444
585764
524724
6258
687173
12003
958747
84747
927031
433956
634755
621182
81282
573918
766394
325570
334516
508708
635378
73088
912166
942145
710666
884070
379782
350076
403505
632785
946276
638798
997619
88821
616988
810884
270578
295927
840951
610599
206468
517724
5384
970405
226518
481956
459370
899127
222678
897608
401687
850136
258806
362839
914550
426058
827964
570770
56871
578020
165359
452971
751712
584042
420761
915261
690712
202159
483136
57910
779830
414972
578932
986757
538920
516208
584495
830906
657550
789339
502436
122199
593644
372266
799395
641504
80872
119897
601593
808062
500601
648806
57386
314814
44631
114935
466969
764710
460699
814993
388898
595424
784594
179066
755870
777372
185949
275896
629166
352712
52517
281123
468715
453660
762735
842681
944726
473451
995782
729378
34250
659736
844861
691930
338017
57108
883196
823894
637440
372539
643941
922335
141725
507662
330236
410798
564231
211593
201795
485379
263393
475247
512349
951311
608422
502074
94181
141623
866917
635419
332931
916535
544350
430624
167584
544520
670291
554790
833256
693327
528243
563346
719599
608022
435352
3118
517017
142524
249985
556823
923168
374669
230180
312356
956220
432128
226282
642856
840984
160138
671428
85582
473256
768309
384611
952988
688640
483167
741020
860966
397158
701112
563275
941298
254080
477202
114161
91646
489823
750514
331742
234748
14014
763303
778497
920907
908030
942930
928119
277780
41166
446653
759607
356879
270555
901792
355955
936944
707211
878369
550801
359671
941884
11997
629455
897837
536942
503258
121285
673534
715465
173110
276668
320023
457131
78564
547554
105551
593845
304070
231899
205512
556745
724766
198439
622303
846292
968914
425471
511998
923524
316705
929999
81128
928055
511996
347051
925898
859320
124841
910664
171397
944962
677492
168990
404427
898799
286413
757837
866476
752894
157435
844471
248991
868240
310239
947497
133481
634393
228243
710840
576319
593155
162752
249296
494504
222323
495599
33824
788280
677166
873836
834067
716319
225643
125112
969160
471674
301174
556187
46732
857719
880107
843600
262693
313652
386241
225280
846665
368056
405885
565294
220524
803153
66868
310488
627534
7515
69344
809711
825158
60654
70552
607665
51705
316622
921761
247536
608327
120141
304233
743490
225292
77142
189682
198412
447525
194776
507047
954374
869176
839521
879863
982676
756306
16845
721884
714485
668912
286535
874044
526944
664677
568023
517137
459363
78860
766221
796111
361360
294064
568053
287941
755703
512647
967437
227432
93130
4370
406113
383353
442187
723811
725707
326064
612073
533764
996755
507361
841893
31153
747159
299961
557278
528456
522341
699208
937816
536329
562718
133058
605194
821929
853082
301518
921676
841437
485505
372772
768952
274649
58076
416347
630683
360155
22305
214085
597019
318478
538665
825885
545404
22352
176251
394232
636170
396399
627033
575887
703045
641817
699214
157259
670945
18018
723440
229262
576428
731126
724735
18500
912569
24136
224524
493055
284759
891915
312070
726764
160981
947138
389075
205067
627768
725528
335121
583938
367146
115811
425176
885901
185553
811730
33962
706165
107919
480434
526792
228324
863854
406506
755333
571245
403220
235452
641416
919738
282426
264339
497632
173893
553301
754685
864940
34531
123028
285756
340961
335529
468273
877804
826453
406453
400729
240662
907631
43884
627034
94769
623413
595481
956845
874235
489243
697602
99307
715964
750564
418656
452695
121449
125176
889749
106227
107490
300155
971102
113123
721691
303479
641192
273362
321890
576338
232800
387200
937821
693175
212010
252690
403585
144054
20375
219380
231768
932884
751988
962991
254871
5291
389710
428640
933438
979608
423637
95031
946907
254154
60678
104406
763922
847567
428457
290887
186251
655410
167855
334880
362876
25376
241771
807179
571111
860955
676315
836443
370266
745196
475611
602547
50446
187098
420100
768178
803008
120933
923140
9028
25834
703235
456882
799402
497809
420775
728273
851714
495359
401559
864972
550966
537434
120560
479706
862281
59581
853054
699251
533671
695556
431367
246410
979594
400077
242260
63383
880352
530578
171343
962200
200161
779926
256501
37705
907756
566253
84637
844435
898384
843643
7346
613089
679820
376614
628861
605390
295740
697190
729336
339069
486044
507417
510359
135767
480501
628815
188977
636786
552118
302982
617961
835418
559458
443857
294447
35969
960853
163723
133913
514989
954325
572010
779665
587344
783918
892482
679141
135550
349840
955251
728201
453757
648576
314189
184286
38345
802487
565178
30246
515784
680879
323158
699476
870444
627899
200341
282692
580324
105713
613815
665107
79580
737543
196384
516251
454652
80040
586859
373620
754844
704575
361802
143388
638826
47339
357766
873051
891184
819885
515742
554961
446149
619032
352067
177638
739293
400057
756908
672806
718273
793556
343578
586829
972589
669949
905719
28200
254774
849557
978017
966873
494169
613586
251801
662913
781151
747482
757614
676147
371099
117944
616205
204631
331737
983652
20464
135631
144702
31072
267654
68487
135087
855741
476639
448964
194625
552637
65676
316482
126699
338863
219536
21113
574238
518398
814177
896343
763913
936614
994986
337713
184
506811
534083
476777
871669
761639
284069
760155
28504
920552
700362
646330
746418
553093
470981
729821
985573
256773
329129
852671
331769
625095
371369
304749
526266
511208
778133
434368
154965
180896
583446
16416
496329
262783
968296
55468
869416
679867
710162
12492
277385
741261
832319
952366
46973
333842
567314
30276
537913
422862
673520
691052
24034
722582
424310
352575
489742
34059
86823
717133
201657
597699
477613
441026
314165
371726
496637
763746
301734
88227
263377
764750
856889
64232
598961
396106
557025
383409
593043
588022
38794
410658
587379
718449
92757
943295
88004
867870
725759
693415
68889
730404
408906
657431
257352
134858
653015
536541
597483
82042
248227
431141
912373
458140
292653
209967
194037
192786
411246
191349
805250
496675
571809
172422
751068
701841
718314
217650
855454
993242
840165
146031
222304
229020
286810
238630
36779
203301
649676
897897
10930
2043
821039
60883
393462
988124
891543
583606
489693
447328
517675
696152
464270
95904
397101
269669
464905
558148
378527
911553
955436
994571
484672
322564
971249
17486
290081
861838
866083
884040
282102
475867
671209
344541
650038
429939
434680
333286
699210
321393
570014
733237
906558
14956
355360
590113
61607
787820
597279
15142
816746
534336
345840
911297
84674
164853
883195
369174
638581
584815
462687
816079
461814
464203
678900
436337
319066
207157
649052
284671
612447
20308
685971
361172
964475
333122
320849
308259
2161
943867
852885
70134
885484
349222
868997
977611
27701
748951
627272
951920
943894
173629
375376
579516
466624
475539
567010
230982
806594
660132
18218
771211
264972
612161
702200
943716
761327
667783
496181
843200
357103
813315
953705
171087
192293
640382
731044
996115
998818
194157
184959
852647
958591
691754
599847
215295
249664
721130
190088
484751
779969
383109
503463
534195
102779
232717
200473
325932
801207
24625
335956
586421
203434
690891
869544
560615
477529
578389
705806
916743
259202
50547
338811
499054
793901
717601
678118
378075
56764
951291
919842
151261
165441
78670
331879
831611
550378
842779
155517
862858
289451
861600
687990
275207
532489
851031
517574
685756
804385
792341
362470
793229
648592
174062
817351
153977
318350
79416
137836
441024
172862
918397
71853
808174
701271
240657
811233
422356
475646
836615
89098
290274
894353
726356
435128
225896
704661
272700
463406
966763
90662
43698
993270
649405
720932
195823
549443
248573
924410
633136
229572
268538
673278
211504
490048
590908
583153
53879
420010
970656
244610
90807
416154
599655
255821
4859
740715
752058
559305
884273
19614
862340
977966
795150
421305
892448
695351
14937
253299
292228
496268
657936
652872
351489
372572
18587
65658
383777
350997
438028
876333
665061
75664
650452
458906
93075
827409
329105
68692
570227
658072
494242
302880
59113
684144
698850
642388
373394
298814
934515
123641
485334
718632
588340
982917
27822
314918
504255
651062
760549
863061
784654
805930
830268
884578
771159
748248
782635
83393
901340
819010
974315
998825
60891
579290
886298
348959
787574
46235
103785
70253
461331
719857
73005
105773
186486
313879
324405
919803
344484
813754
575672
683711
249111
617060
786068
674570
15877
785927
248517
349239
843934
394476
780690
440174
217306
270956
391384
318241
89773
285222
52588
126548
784018
874559
711734
820791
154381
354031
448375
698575
724563
992037
122419
374697
3357
324414
308336
144239
158080
765149
868843
341485
654296
517672
202251
295193
305874
197446
218856
528902
293775
208165
378766
655084
313628
883080
519712
515378
390994
130271
516164
74826
805392
432002
87417
568527
143861
818990
947173
295654
613308
317177
937441
721818
868970
819263
713404
105360
46874
377509
239855
253431
651759
905110
752387
686325
400256
960685
510807
57756
988952
328703
191009
98127
961553
92086
856820
578223
607001
696932
337861
696589
519645
774081
20776
625354
97170
167673
879479
820923
670282
685803
495594
933803
637598
482944
549805
308209
999329
873086
286094
2223
742046
390313
259778
267801
695877
97628
82495
347634
642395
625397
574641
535452
6287
42026
781145
565852
278608
774024
549920
348867
833813
346729
143977
442740
224070
987259
442300
109472
612146
759229
675967
950056
62755
665175
245329
200599
640048
647400
519124
472624
323216
907816
387870
37258
53714
32744
227179
756657
743990
948622
17528
306454
812402
22312
843138
445922
237870
142324
56658
618544
213720
122551
561499
688770
990625
666806
91968
917513
947689
980020
502678
494917
26314
456424
136113
875983
542580
9004
843336
247598
303964
965200
304212
996121
392943
620291
71488
434798
82337
485865
338572
660015
710518
354501
260420
365072
666639
881485
470226
937582
209484
508307
908703
962332
623242
139386
3450
720527
221970
458124
64806
375921
50140
151999
873868
655226
63657
370769
113567
954015
258412
734714
460166
91842
635311
122871
929529
961786
203612
569596
523137
158916
978673
34292
539179
946727
679030
86399
694782
730752
128303
25532
962329
217084
679456
539519
523682
626530
184100
431830
382085
15871
446489
647231
625838
106686
433176
146898
791860
612145
978504
516534
263540
209233
716867
937384
517140
675680
278698
194390
526801
774909
409835
534654
850615
640418
7993
428451
889035
680973
939356
37550
633108
450298
585766
232104
157232
766800
490678
470949
505084
283052
99236
599652
801649
525070
132683
908717
415753
761774
7150
449293
332213
318272
115991
96694
576718
969386
690072
48328
319387
461542
728244
368804
544866
813683
823383
256904
166173
431886
765671
272928
854412
509904
926371
318075
214952
348254
166457
350653
778903
384328
139672
448141
610033
19125
391410
147533
871369
691750
768531
240549
17791
749807
502828
370586
349379
725848
612207
817075
296160
351589
908301
903436
414392
835411
7229
822954
586260
633942
521522
930344
696272
997185
717395
459640
201025
123862
866970
40494
624930
586020
795784
710861
17528
97109
506486
428283
741031
574680
744354
7035
66808
503826
353802
425318
914657
289049
120697
890248
266055
942156
782167
950691
458280
222037
121754
860446
269002
375250
304894
784717
277687
613793
77073
141637
745178
516655
316072
398518
348023
901573
937665
662990
462124
124033
990290
166700
507709
885344
15483
577754
591076
460847
578137
697409
58032
474668
244715
207438
336715
85579
972158
538403
564545
489546
767685
777256
689264
480692
611604
901164
609364
488224
232630
706230
136036
618445
387106
471896
229421
586787
196727
347217
735396
997477
859020
299127
558901
705784
917715
695739
311797
250016
472315
923464
460757
661956
556973
108448
768264
918209
900716
997426
313441
864661
278115
999773
204124
925378
47512
448453
208502
581058
526889
789026
626173
528300
65488
30998
292153
643702
812051
461093
952067
126415
780215
509186
240698
249797
976403
210165
120376
489298
405737
332421
15979
11765
987868
463876
897107
526777
911729
327516
536490
820769
255241
40797
548267
678943
395778
861617
474593
515036
417099
362185
97548
671345
800774
23151
731003
501148
411400
624805
176542
333413
712245
482291
526985
160307
99311
97180
226574
828033
681317
117404
64758
779696
381776
612494
966928
958972
722781
755973
134939
64042
336522
16031
979556
97642
820570
399282
851185
49068
211423
132901
427993
266288
508077
166929
600540
132493
883979
297197
415172
802775
657238
992168
307457
705913
411356
966134
18970
177203
630634
167311
355476
676565
376668
30970
1472
850661
822592
28619
857505
944255
984895
516175
87997
719521
948076
837119
477895
570415
917584
475079
368385
813157
20956
761954
119437
632148
33139
187952
924938
57302
286932
354974
5506
230248
246645
775507
456012
634078
248001
938609
46807
739421
266888
33301
511895
627704
761956
864903
494138
221894
382342
194745
131596
535554
563429
903783
123858
173719
386059
146938
991290
496701
671704
261894
840871
138837
667372
863352
168283
965980
257124
359376
816243
245056
137676
901491
299778
523414
110335
646715
241615
210342
161754
427677
897481
464185
724707
436985
685373
965804
712528
557340
587127
788228
889499
52075
855395
809597
984540
455199
460912
204313
198077
595047
620768
125136
941262
669435
18457
777693
180959
537538
67629
433818
94252
648525
562752
877478
704080
233270
951948
475571
900550
374363
550262
262842
699387
226340
636976
458046
939330
759038
389167
634054
849247
968150
354300
907429
733389
982291
177744
720139
243765
765657
651763
391580
774175
641757
19686
615910
121842
602712
353610
282944
289095
224922
902861
200485
704761
256447
52706
135925
383150
59366
131643
589848
499955
590188
115071
650974
367049
794003
920578
479288
452888
891287
409409
896520
56675
933927
642428
853580
655072
474843
725402
979638
628458
455092
901570
154115
917260
66451
744519
214638
796425
440478
857773
28877
329074
638282
734185
816618
940331
953297
735103
911446
967555
989914
841107
445770
231774
905195
732764
115113
585848
850397
269705
975520
696926
984182
20274
762510
923903
798061
947248
277311
610680
361352
713889
487085
518756
153304
99425
244014
921657
408591
523024
705433
112636
441651
102333
977932
288847
816350
489827
959207
230587
303010
315529
172683
211075
438749
11181
984382
146964
168582
99898
339487
251257
168876
234924
629291
870831
701671
780731
258381
849238
840727
802771
21515
250624
766517
671409
934248
627881
111195
599088
164671
368046
871459
250334
569369
581215
570385
875192
659481
99531
649161
623311
209322
293664
648901
82559
295388
899531
726292
75147
789067
842636
790948
49908
551414
382230
136294
597615
427195
630964
35887
273514
144188
662863
334760
645624
698473
154579
201123
237058
268637
799479
938698
861094
275265
153929
829254
941149
70161
426232
167164
464598
368505
855489
523342
152662
623906
238601
390890
338854
639509
4959
618800
545120
392063
946118
988315
229695
384184
540593
143107
199121
504442
117642
386649
301306
133423
744910
540801
428281
870595
797213
689539
116585
827099
212537
569277
838411
549690
341365
731429
225387
812580
605960
71544
613905
879188
593048
628837
878615
578249
602631
635953
774957
46246
993878
883143
99345
362832
332178
369296
788483
645670
51277
922935
337498
210925
866253
422913
525571
931853
106144
18744
640074
868228
316990
116558
786975
673425
235292
589134
362313
514445
39838
871911
124954
752225
451632
450507
311232
230250
366787
669838
694179
498984
925681
831492
185370
770004
54420
586853
748606
225998
533902
189738
48588
527253
462733
458808
417904
443935
407865
75546
768279
947391
338023
400251
149809
722105
200468
739759
973669
751089
486724
989874
388931
106063
171623
196951
876476
23592
804365
931319
456635
233183
161846
532982
240282
821077
379017
148154
115023
477717
294010
453083
496385
285803
656860
241076
68523
693298
6563
60067
744210
10257
402791
277618
433149
286162
134807
489623
73230
254843
282201
925062
143296
407294
361180
852676
64283
874849
925113
818569
831512
671955
458300
805022
533475
967908
599675
939648
35719
232551
428585
473202
857979
543299
177681
469445
207881
175021
599863
668690
465777
85884
272497
60728
500553
141999
935256
425401
820498
934816
965062
470820
511793
864278
568972
811361
472976
818954
402152
666498
758445
584303
833823
102940
263388
922545
767057
282466
131475
724158
467119
213941
867184
916576
952275
175943
790938
425101
52177
238282
704096
811569
535236
116461
63928
77382
563972
479350
710440
202042
540753
637856
3956
168305
38585
442598
193627
270287
383765
244683
831950
176722
315650
891996
344272
768791
33327
345810
587267
720708
33964
259457
356623
710700
462501
409415
636229
484892
134470
47117
595856
601676
655115
468952
686617
920973
254062
604362
497980
511663
83247
840859
799859
798060
208110
426300
303639
479638
963068
323489
710289
220101
439303
170340
345258
202910
383116
438586
209044
928126
204537
308308
478236
34907
426960
805919
31910
175036
635215
25651
699502
155901
129189
860389
17281
700354
245823
461181
546630
166268
568567
307982
586571
985740
533740
192803
170294
669427
284716
204214
244694
417145
943032
916064
359855
41155
679355
880958
422266
857446
139900
502609
206275
919809
179652
27215
876326
949840
831058
12479
333870
486069
283384
977084
292504
114239
582107
273949
364107
639370
732904
128504
950381
136560
340730
175090
175519
24221
171412
612480
389861
412227
678562
505944
694907
956727
234466
653628
293815
352696
326590
29431
61810
307671
250713
249096
334900
5685
255555
159471
288197
863491
521592
882822
182632
161955
293899
333984
725954
983634
295349
891227
788367
663254
149338
677121
186027
837294
643402
928841
418539
550890
494789
206765
729444
581373
433166
293013
675748
411192
741827
330722
34670
552262
890094
249275
634682
709546
273190
199383
839512
767760
213028
664333
378346
16118
845447
437233
557895
979404
277401
890310
550428
331799
213539
941717
860496
180307
643627
423895
225169
654368
525244
88090
749550
669602
760858
551522
926102
594035
907263
826724
294095
780773
90707
194008
110888
190683
793584
28952
738275
471634
870377
152240
6279
548293
690643
357365
240338
850719
926988
748977
636323
146328
196954
977328
312513
830618
27583
334154
558783
844142
467524
718359
323454
62622
967377
632661
633699
408390
242022
17641
539956
605986
17089
758176
626952
291760
766384
587463
695214
126403
553243
344501
781729
766577
417424
139714
195326
998824
22857
15653
562717
799902
344141
698719
980992
402624
763322
95288
213575
24300
781880
702152
642018
103313
3045
835036
46293
738901
801393
153447
744481
8427
419256
372218
462529
820037
934681
566053
638100
997915
776377
412152
28182
80178
869345
739880
153903
187892
613379
991008
215540
992217
690598
827346
634802
778550
688953
24588
292486
265512
678597
41542
947564
546610
810017
621649
67133
261244
979065
305741
9035
697250
573641
357265
232543
286026
696802
496240
512138
803841
828702
63932
802763
656724
725246
773278
717086
708261
639262
278145
17322
679946
715356
496299
328818
565055
767230
265092
593840
715565
1879
406944
95900
46842
632869
510044
603524
392108
858143
799583
422242
901534
680661
333208
575382
453643
198234
23877
17914
760612
605718
482103
591136
777890
434126
661654
705112
580640
334891
66662
597778
974888
165821
730713
775180
183088
739930
915277
908605
65695
735865
621069
382066
291203
602345
617755
358236
996605
510072
763976
68059
174401
411500
287426
741346
300211
356617
742113
157676
388559
547845
490828
661475
188795
989980
57826
466801
332855
649989
316042
391970
350723
380722
461674
569018
811191
92877
881303
61168
837672
302891
498380
736720
854528
947080
763775
12362
689052
187029
233466
497167
924737
19534
901900
740889
520133
937015
114367
395869
393043
703641
985188
72725
64912
738900
292294
365248
536047
855862
110357
564460
426291
186660
926222
814171
404801
972168
493588
253079
878435
80292
820267
474481
517506
23112
78484
803656
205724
987723
786758
553319
23227
643774
692291
469443
30544
332965
727891
153001
952105
419650
791476
225041
405011
419462
732681
929382
452231
468998
94688
787192
589360
28427
829762
99461
900667
513055
566743
218234
136935
104088
886877
770425
818372
871536
281384
281958
911154
631747
115336
690251
256669
574608
777316
81345
947514
968304
553102
571139
588092
874695
181613
544580
970109
127659
481323
487617
79877
26053
458271
974990
106279
847706
534339
947239
282576
209160
122647
34371
7249
540875
124173
888087
956948
408790
822291
652883
635731
41924
103223
668794
189508
192096
929885
234789
493271
184462
68412
720365
218745
704855
990755
897124
96375
170623
206367
610319
378765
833198
915047
606544
919841
362339
543795
341366
541136
86889
307746
337699
824759
991235
365183
342564
507458
919557
333498
195367
195277
593783
632835
900482
4011
731904
392037
59602
158547
184630
815078
208678
975518
954831
699686
759114
156616
480691
55058
924182
23963
579041
899701
712041
828674
159746
114459
585697
212924
288053
400048
565206
315427
143547
672039
770592
861106
111307
985654
930886
643103
807450
915794
779905
37742
937179
513898
262671
674858
552178
463023
230908
235425
890602
640693
288185
95910
628554
176237
466265
316741
658873
903525
980400
609144
39807
630322
342622
238668
665084
951148
124484
727198
857906
612507
493355
777616
547804
639132
491302
316011
244666
413608
447099
626091
614088
610001
22291
476305
374797
991455
785649
301427
935157
384221
630301
619153
765203
257397
810113
462198
499704
90423
73545
833358
880732
953407
704613
889858
962617
866238
762345
946315
797315
675102
221408
701798
373877
768632
456476
30517
986955
208397
592298
237930
959514
171813
913423
339997
506886
510480
215399
659458
106231
19652
269064
114584
234095
355073
599827
68145
668472
265003
58840
677098
328872
995613
782852
427764
167962
910681
966436
497519
17982
604056
667777
677339
52025
792364
848331
640461
928466
532015
413711
955409
363595
966404
246750
96788
974807
880989
469366
26096
261982
651366
498991
475168
326301
585298
611259
286193
853640
545254
393542
675496
219457
258361
732072
430817
237012
67406
617498
453999
601108
296564
320297
339906
159147
694412
231397
846394
429446
439431
511565
263561
782141
860114
298448
272779
517221
583978
125364
889302
101020
872179
401118
116454
768745
303590
952577
131175
666692
875990
674896
936293
58034
150132
701404
624258
450528
908995
904729
500245
868263
586488
863134
620342
889224
356308
682323
375714
526443
445364
828499
299617
210851
922072
99955
959359
322937
970982
66792
465604
520465
110375
459389
977980
133392
870110
362384
456716
768548
426616
304361
632535
457046
52437
518860
206881
850272
429794
705075
78044
706608
305751
506168
399485
364486
313309
948298
150638
922887
774990
869152
839680
352833
90572
927464
646187
218052
557755
564220
837951
891560
148082
751676
701703
278250
734861
109028
456236
855867
758359
899128
682104
912078
213025
130973
792370
119609
865417
503343
655272
698439
952392
518863
646798
827392
184180
569216
859821
278340
513471
545079
638183
103363
249330
691396
140991
783968
957874
955445
329136
567495
626556
788968
967657
22588
260430
986572
881918
757914
265151
183991
521620
121078
254588
221321
720429
975187
21712
612407
682516
449495
499398
871914
428362
41799
352570
664487
325903
425204
796244
316711
824359
537740
457463
76278
222301
597819
614645
80373
21893
366484
744963
93680
226557
801192
635587
353557
560827
279919
159478
686690
141147
754680
810823
574952
55329
971617
922062
781002
615658
707443
241279
611768
666967
486263
738352
27950
394652
579779
39737
491700
261249
726711
988284
290376
605374
266330
198060
905338
365828
727389
937388
290818
448882
187684
999222
120358
664138
234974
777748
563765
197569
315015
315557
949984
342449
313101
629675
509885
112638
84785
960641
484393
766479
487589
716851
547263
113312
186737
578790
676620
268058
543265
56556
626514
73561
494308
907125
526155
280464
292409
444424
101215
739900
331793
259434
552562
879752
266326
698449
349962
897363
378602
644913
482346
720712
574139
877721
972237
459030
219959
189050
931396
731186
546318
675613
778017
5921
322932
696660
742319
838403
724724
235271
105363
443659
16995
956013
305673
196103
826715
2423
644814
919516
317571
803492
71937
185819
860380
849135
748666
162103
824333
725278
810295
4407
494115
870789
703978
49966
288079
600305
216947
359573
235445
75045
349883
954795
879368
279566
573360
564850
479951
622199
179936
256733
698768
688453
339511
813282
930370
680493
97712
278824
888767
685841
564112
925276
528935
915847
975913
12789
312721
913474
422140
698920
248786
326335
52110
152379
630209
638988
624231
712912
75193
777487
746106
173486
510399
769532
614900
688911
525482
690329
201129
85535
420041
4361
391797
572038
241668
226068
482824
504018
935655
439787
705742
636915
52575
423630
854063
100217
907680
997300
665581
788587
533006
990604
230660
163460
1547
699796
658060
8037
677545
465159
893069
494744
377326
208784
957243
233379
425517
432658
684718
372305
238392
418939
494860
157523
82517
743555
561054
980664
789767
107380
700959
46611
595332
460884
614091
943031
841860
844077
299712
416184
404144
557964
322149
461743
766484
120769
346466
501114
900938
486271
353886
808305
456070
296952
959691
99809
89136
66674
68555
299263
920299
344674
806049
620811
124620
889242
992731
463939
875195
930947
848502
883478
749018
357198
229490
321531
144131
728048
452424
113797
439276
244043
652987
774330
632137
147545
651834
951148
105024
397412
374899
475427
817081
583789
605482
201919
871628
435341
870679
562259
845300
905945
751062
140161
260655
637627
635839
817934
866888
67895
848666
494614
449856
846038
133657
45920
655697
832834
313303
751042
278017
944447
44606
177773
603433
937908
963590
934643
668717
557592
510606
439596
173538
176890
731212
636657
305840
110423
209123
545575
318033
898132
923359
617108
288584
593052
709687
845437
395530
739016
646266
357852
234215
286096
857892
488366
843428
116650
289073
581811
471803
668833
565482
24681
162257
709198
280756
399200
907564
916741
883023
411931
660084
1284
154911
713520
133295
831882
210742
116148
651153
411954
911056
152594
74647
372953
343151
483948
31072
314375
264331
385598
696208
521341
23908
496944
623693
422845
983452
218617
214307
436775
28669
516690
927760
724745
535773
748230
426371
891100
116861
312533
702037
78300
681148
119360
805421
86370
5426
621463
254931
556898
504754
877498
714294
251728
421850
106935
788150
351592
91036
920628
596284
628789
607836
229726
696069
289771
95884
703353
573731
487525
413378
719180
770740
286438
501498
597802
620757
266186
137587
874197
516803
265296
547002
511501
335096
79710
291515
744916
350609
54895
749917
951598
123991
373006
16279
334729
180169
424914
63491
301235
583131
640805
759122
514099
333004
499480
619968
418729
297421
689795
834887
287518
363270
528426
307048
92439
806661
793551
25958
918826
48726
554272
207709
84040
131749
930082
3423
328372
70571
525874
501200
344538
187940
272171
239463
3567
467008
432739
166771
836965
843108
52422
323044
692337
704191
100469
643312
550215
189556
815325
611369
46539
875643
583103
826048
85984
994108
131501
18097
644252
473942
512148
916579
309061
308132
137882
630607
336905
924555
188600
77632
553967
944847
756644
991152
730985
838110
177611
653242
364163
215138
721438
337935
113096
701224
721268
350484
692696
163807
84563
965934
711771
13506
450530
7059
725086
977548
175040
183220
853796
962094
801740
238722
946
217701
663932
833780
153222
925878
164253
870307
3482
316051
997998
522434
196043
799111
433350
517048
378363
227401
216986
977292
339515
322075
869688
787412
721638
724810
741508
454611
556155
870660
779977
125983
183510
497208
883903
771286
610507
806241
119050
393478
782091
105053
344107
384533
942669
911167
894526
395928
693012
973071
376819
710685
734665
893985
271863
8567
870023
280027
924582
955757
856342
956465
562264
987028
40154
987299
732369
468349
758197
536647
81456
176240
236395
939601
92141
868838
379459
802059
291799
989140
21802
528621
376908
489129
624501
992977
249033
194470
515524
549576
64502
57066
146202
867986
848436
853060
894360
382240
248741
503384
683382
637836
928977
535177
407410
182754
462690
474689
576584
438513
916667
468929
431305
479148
376851
560831
252469
915311
220204
757342
11997
279726
326880
49143
642275
191478
810895
19386
83689
447110
628454
832051
613246
9132
776247
848541
298883
111929
436243
709957
342377
177150
133849
476151
371314
992264
680084
584135
802935
423967
665920
440371
627458
686675
567149
582144
114918
370458
184857
770025
576032
95150
865292
504864
759561
984701
622001
510503
708846
405616
724718
748698
604490
907926
75441
552409
803332
397351
583364
643411
358982
820350
713931
810984
582997
316919
344038
39969
130096
322932
91517
344931
467726
327602
714631
165170
659778
335969
261386
633313
779988
967769
921972
826360
155910
504076
115650
288424
944855
430042
462432
518096
545301
570848
644490
886174
514759
672067
546296
773732
893014
388946
319655
202274
269318
271926
850236
822474
465336
213429
592565
704650
967105
800852
633968
65313
970118
942244
740056
362700
485281
469378
109552
192609
65410
777175
523836
922827
367871
349964
969878
355600
138324
933718
86858
611677
330433
654560
541742
878588
398656
137269
82395
994602
587731
847709
244714
913531
637149
896349
609136
936818
361784
166216
250939
489607
844571
193121
830334
860108
96581
742570
345614
688617
705945
296540
349538
183289
160243
627690
337202
77686
699807
171698
574426
840303
723600
877160
704565
976042
269758
479465
541530
539582
416987
558004
562734
730973
41521
68659
69478
870188
959305
745750
340991
987586
73286
103188
231423
898920
172285
367584
688760
970839
38482
875799
839994
850286
221294
4911
899968
555323
243065
447677
370977
445364
986514
499254
134507
9106
636015
928277
473649
386973
247360
227627
714879
48529
15183
626886
639326
692449
182018
441939
312655
303018
133670
67506
509874
334761
423177
556722
490874
232720
531486
613388
568288
869889
884887
138115
670368
876191
793417
209037
212148
924636
812868
988494
70873
893926
360463
509808
368013
275633
651751
910777
650845
305844
799127
426422
394811
780469
54499
459588
257998
695213
159579
500770
236725
939504
358890
634620
478200
596472
543989
273120
617794
987620
672771
884871
150115
520265
848309
344238
517894
184126
793761
610156
938440
590103
416953
933585
850079
299462
795687
787399
120863
540449
226047
539947
485120
249106
474522
485608
974137
919316
818012
678754
871952
425916
489254
415173
370655
188061
24699
212954
732336
370689
384315
399125
927772
361257
992995
653437
296326
295439
458696
879207
490881
883726
323805
346923
599848
557685
851037
387413
911229
7643
360781
458838
593325
299599
893821
18020
608885
328765
478615
714735
719437
624149
676922
891289
778409
145798
889655
202223
993035
121647
374322
474796
263283
957749
685985
376753
470999
593724
252986
14022
636667
245963
178559
459598
609235
388999
420417
47969
390514
105600
600378
344892
560165
726873
119608
913310
182234
441204
954681
100342
63476
821303
296419
423624
12566
357140
261870
255014
689101
88313
433555
901292
990294
983280
420508
28473
171326
402925
675965
951348
19918
374436
903232
732311
834686
174117
488369
956298
907304
63827
379725
860170
331187
774528
595174
418761
659319
28464
773018
596259
136852
551322
210551
428299
878305
787164
865794
929859
404445
567100
929369
151177
400696
682678
645286
282588
154090
891627
141891
813674
369949
969411
874276
806021
690301
943170
105492
371881
267975
850256
449204
218106
517654
560746
739025
918033
563685
105642
493826
233629
763874
885440
567415
447540
317038
243867
96648
142591
302581
555369
785250
925037
183652
438743
701961
411754
488229
509107
862361
95197
617551
270197
736334
797923
229592
997876
391589
277595
604643
98311
967617
855540
549958
775994
733566
555363
83947
793188
180305
175873
106372
520702
468396
255299
870212
959770
17729
667023
961166
272538
227075
210933
958309
948382
363578
792525
220466
141627
769636
426054
647405
175153
284947
509750
570244
179254
61433
696878
329135
263601
951658
584920
156577
132475
226518
777257
812139
687330
110344
631926
791701
852671
620859
752854
662892
554243
16151
472119
410948
239742
696475
620868
30830
781992
868218
109369
262004
832099
970977
923754
967665
704949
821175
978188
81524
481225
295179
124607
199422
606745
665874
467120
458563
67832
273506
180953
627637
770440
305075
234158
12066
152958
657895
796701
869036
50677
323241
171002
864762
522781
823659
91408
588888
77989
470244
447014
871713
230817
835089
982878
874177
735843
698920
395299
122655
9404
881078
227307
842582
791015
632126
806047
965542
6745
878961
614141
574984
992359
30775
268165
637411
426403
489082
22444
334197
128046
450892
131512
79213
459968
986209
572357
707012
306002
700806
733579
983134
569968
655486
522044
333527
921138
121307
191879
102368
910062
324382
668697
460020
500390
285321
143538
746011
438856
829685
277830
389673
711159
228854
516754
735175
300083
473966
267831
20714
175326
460102
38162
504785
59617
807319
56848
238487
935169
121741
649655
871722
41719
325626
543917
856819
725890
126133
52290
591487
497334
292452
736285
723870
307243
387229
812165
942183
481853
555928
557725
394243
522662
352167
921575
618107
921533
567265
991272
957004
263862
756991
436217
364983
583349
520648
396860
940011
961026
480906
708188
566154
866060
117771
582268
199876
908576
991440
149765
504320
59820
419028
546449
725278
940697
465213
557127
816810
39031
33141
494810
104210
499352
257186
22878
168736
410298
527596
832836
224014
511083
523832
79639
1028
724190
670179
561488
701171
760633
638025
582693
677260
938359
807339
868556
940145
706756
638193
462970
490726
819969
858164
813211
555402
69126
956933
676527
644093
119653
671563
532672
672748
874166
593249
421476
37873
640613
288186
685485
924494
763143
566279
836073
551325
235832
250118
271262
731115
942132
808296
219977
842082
979009
918091
147381
320384
716858
979681
254678
660746
747680
385129
793449
362303
948364
983533
733672
858482
925422
264123
626936
690159
174266
618172
702612
287430
842115
315508
253826
309640
993264
633210
429339
193026
453999
914861
492559
917270
374656
778177
662823
701061
404168
327289
746427
319720
612793
156399
118635
164712
349278
125038
565178
199749
769768
507957
680549
247942
496782
775787
335028
227112
339324
780476
713898
689416
538147
502175
197178
96970
209058
384367
684954
246651
232909
527327
650962
922710
15664
557732
486332
627279
89408
365163
938768
574015
76127
813711
942334
399677
828112
775246
931801
77048
752438
473205
936122
883392
963745
437642
452714
216697
301234
829556
721829
168863
906990
67593
948654
647248
310017
400653
646209
317646
78373
695249
526115
717790
45430
868228
9523
296148
637656
807860
650116
31841
585345
925984
191496
985742
102121
943715
350018
287131
12511
192559
606979
915834
866681
906809
64904
860966
186537
972678
315182
349807
852607
695027
611737
511757
677001
970668
92602
95723
140586
194198
873327
740460
807782
213350
356571
457602
862699
429402
757187
303477
378689
811251
867950
143678
664674
760773
117024
20576
769792
360197
439146
361540
805051
900498
472107
740601
799355
677783
689765
8254
883077
584852
689415
102612
868172
470286
748572
468815
215542
997646
674583
726689
72074
531351
933919
786936
457222
277446
906469
212307
573910
202269
492129
761551
258162
280262
627750
548854
512879
539574
871368
147118
250462
386548
823614
413366
805471
254807
28912
576759
337610
574718
496289
531955
131858
591860
788012
735023
177336
259403
708479
321399
438653
914072
445827
52869
556085
988322
984024
608186
160382
764194
785852
296750
509196
258915
127279
205310
828588
532993
882383
22010
647838
309497
372635
239242
72781
970908
312597
722246
579955
263728
214307
523053
268588
449499
172807
810823
173775
202975
717266
70301
205653
98435
859901
561452
638110
403033
841727
439921
652067
658603
536044
762789
976498
679717
887998
733603
887885
763101
455032
857217
377153
575043
849155
217413
906012
525374
204021
880620
172471
15568
708432
267904
654728
318791
934494
251791
226560
506517
723137
982061
819783
862831
92604
620976
104804
915960
567819
175491
287703
601888
639600
881577
119626
797985
842789
229642
719178
49378
627438
632095
57772
596305
577995
112952
805104
37294
904294
742989
828670
516163
221270
965441
541574
962402
92650
407282
85088
301423
249607
628419
89295
227873
126006
522066
586818
421371
837875
709901
888617
285488
276108
396645
902776
184747
963995
873953
792581
627080
246498
795125
527359
219214
586447
513353
535207
553748
769988
95646
933364
328667
538589
791346
450582
59856
304119
989993
798004
240129
551542
334318
14796
595157
771108
549156
100526
741002
839602
917688
572438
238199
69842
203396
794803
452369
217926
604249
982399
832281
69742
908705
493693
225426
583971
946359
584661
973908
252350
635669
668906
144656
5967
114934
404638
772629
145443
238028
18942
866856
747376
845187
419758
854687
546283
969929
394854
179169
919469
561048
126935
237989
491181
597809
448035
728054
466589
479788
943779
792139
716059
46581
993547
228456
449127
500818
118042
902515
766364
696805
659470
128222
878002
343010
854913
797038
208877
719137
442020
140107
475282
300150
193334
498117
528290
528060
836131
466861
394943
891710
656402
210152
149245
370517
93708
278034
658323
154088
171740
496412
134321
805308
491632
725257
938620
255041
294250
517064
384327
934027
595054
979148
580182
900121
907629
235635
146604
286348
180083
78275
576838
905926
428435
231951
961038
694406
499294
98923
612854
884149
248002
62044
125160
359885
756923
160460
735504
205202
684544
715388
641918
159036
636137
64620
697095
689998
960514
720729
133023
794440
695521
314887
880337
422779
417245
979367
107927
995306
467364
950553
239052
670686
295702
643547
901343
593570
568912
169609
874913
644189
77450
653417
139295
126164
213756
346238
455705
939301
671492
867164
762687
482893
339736
294578
514946
873510
156060
267512
992603
31639
626057
114528
647073
866125
567461
899463
999988
541634
654449
442149
410452
7923
268497
976202
802147
558804
598529
320269
125240
894156
826226
492542
123889
237742
641120
572060
360032
10978
710836
391647
128376
259152
374870
632796
334351
70155
804931
570965
168228
555934
549936
993086
996448
633460
133223
718653
787086
757820
230856
737763
255215
374645
22327
680228
205798
84768
269620
704844
134954
356446
414242
531664
107668
359170
795403
615811
39784
141899
899306
340210
282512
805319
293794
965315
523126
206415
899138
809192
954972
636416
34560
387367
950886
937349
772368
2468
55199
181183
365528
244856
43343
853532
32678
251399
778179
644723
308618
207444
909677
284449
656373
941150
772113
875793
583100
268316
700809
916235
960458
819004
392005
722096
495931
276604
595566
163375
703690
190656
505407
525123
811802
83962
548051
502391
464936
151664
56289
517526
518770
241242
5709
67351
16328
788661
875263
452727
56143
581155
428012
448978
441054
670726
442763
744939
633131
983305
574744
477222
767337
424273
746892
726446
955226
447977
147267
420501
786889
789519
260371
285549
937955
276024
457617
880833
245259
40411
440204
693658
156607
353128
201786
18844
297401
108290
357568
129759
781716
98
754595
811222
826653
125776
255478
944922
153872
509790
146411
956727
236219
606243
220063
426151
562166
474785
16697
239482
651252
201240
616732
533874
342905
453877
922094
443189
119046
736845
819499
49961
723516
242106
521928
433912
295028
780486
529522
71699
857749
769050
877516
932104
212544
970035
323838
41556
352737
501828
127497
623091
712097
379719
534520
285068
768080
23648
528178
157125
847552
700235
962696
980916
482914
951334
517111
312313
165139
444863
861138
172252
35149
600066
315732
15979
358524
301261
431549
94396
659707
239159
619069
7715
501987
313920
555253
44483
232505
950769
745130
674836
646753
901545
243982
875861
420093
591917
607268
376708
520803
789368
552321
21977
768245
197857
605399
660587
615406
625687
12426
815148
503309
354947
546966
936391
515262
329829
225760
291184
375073
590245
100245
32119
665
770438
771399
559352
610747
379654
800943
242772
213565
699446
327577
884714
827274
548172
261774
570344
233551
163810
823509
774978
344384
653050
66017
365653
953729
372431
721992
131744
865916
930602
364173
960603
730746
717169
603847
447812
422411
390712
209130
566521
350880
130236
13966
232346
205088
672172
697895
656463
45192
551200
584771
31950
681199
23920
48591
614355
333478
121878
67460
701480
461137
496217