292006
824979
398603
604399
656977
354105
100416
964615
74713
349501
877444
50280
32686
139577
471987
731945
289652
416940
810049
180269
939682
673876
388363
805651
490775
827930
623122
859002
288973
52669
703023
806126
933791
161113
786047
814981
120583
80897
431432
802504
66538
12651
204238
665055
713997
991061
50420
687754
405543
826064
775963
606609
859939
233715
461062
751961
822521
366771
611183
230650
713945
208114
716800
910924
355947
20460
189867
810827
3574
788271
931588
185806
196226
635039
52313
894818
145129
37444
69438
145982
722549
578308
756865
248629
588735
133233
599539
802972
285684
19883
559569
805555
359075
281676
269587
796005
139993
661997
248745
483139
568666
798591
102001
163140
273635
228089
908089
701401
360458
20394
457949
230258
256231
806450
621414
115780
980997
511983
908051
547909
334425
51979
960077
684068
940537
615743
724755
590243
662974
52651
369526
244421
813387
412092
416223
632081
183411
629174
396027
173865
811730
96878
709463
106970
316098
761583
497647
865071
20979
377858
26768
781571
712687
741727
252937
898813
69038
692701
607317
862325
752612
807547
777973
606379
875307
324668
915144
666033
845263
18147
145747
398949
951913
847811
7482
19668
241014
911821
594476
544388
868397
321779
847376
625559
643967
315504
107033
400677
915978
888472
252138
390961
636276
190975
76772
376638
105441
567235
814473
765566
622736
647765
532438
701173
118873
709211
138341
770113
763561
84809
856337
952038
654932
794334
65681
104820
719472
538445
505141
85716
704112
419857
730643
797536
577348
848777
99581
691432
495384
750143
39470
220820
523252
810315
226790
998786
104646
532143
917276
192224
960087
865770
99603
653726
521996
823554
278667
299281
947939
927030
952046
969458
283676
368464
16573
274967
891305
320611
162120
554445
717992
184812
202827
567604
734878
924362
91845
287461
580841
230590
506483
548655
203253
149416
167627
783370
884939
2262
823035
212958
918818
823862
48972
417099
834144
559606
339041
262105
263106
672377
174
476799
5939
615533
894482
268896
890674
800928
165901
475178
470330
485426
546869
619283
22867
997976
614293
381589
952572
736238
157724
634112
486129
168066
481625
82552
694361
204236
751985
450691
387846
374664
131037
283897
855001
182487
262838
310795
514891
899375
748397
211731
356133
913814
577868
515218
144753
794822
132916
940043
539903
198684
43123
265694
966650
825205
693422
658439
38439
505633
727679
443338
517508
252862
259893
90740
959758
339196
361097
742341
813507
672434
376543
861735
812643
893758
815958
133188
623513
140885
114530
357851
462481
874814
279187
601828
824187
800743
51619
90354
407364
649437
284261
697287
376023
765524
670489
49890
388749
420374
111347
269933
493747
172302
70458
282963
713896
301167
236409
707036
891163
351568
706861
917927
520192
84276
510237
510369
41802
164636
295729
93809
927709
412748
184274
330345
149822
661251
601814
579579
533667
910704
442603
812172
789829
160441
231522
556685
656024
142077
595842
846049
173168
739985
514278
376774
133174
655247
142461
268055
852957
484522
940157
289828
113675
696572
159331
531845
48212
648431
694423
945817
517041
707030
213403
337389
553580
883209
178203
285577
376273
83929
332443
75598
448398
772075
819365
528208
641280
24772
537082
470139
568572
852711
915197
68521
209329
921357
680641
197896
520392
112010
648435
417790
569839
774855
428935
939467
710511
787809
586260
930304
964706
68493
700388
383291
586319
14035
991345
955874
387482
697554
534613
232258
810137
827771
59053
73019
641004
581108
971010
7812
154265
512565
738154
204787
560445
57693
955999
71103
95663
995026
101550
924687
338302
347201
970091
472928
554863
995002
432200
121427
636768
222376
898830
58742
303088
978822
83183
235627
867032
73622
972097
346295
220517
571480
161614
775670
908283
820750
804864
971716
566245
432144
971614
937464
211852
959579
430284
735289
562491
17076
129077
312516
744307
4199
149551
155848
853532
192373
667273
256351
154959
48951
449982
642407
676769
197984
856821
946259
177245
521009
780793
890689
908918
702082
945
784538
53093
365725
637251
469325
922279
752572
872499
193494
984226
207719
624098
217865
359778
357165
158557
102563
890680
720697
932387
954920
502584
611566
612877
968748
202150
245449
357427
398937
707944
660985
497961
502514
305933
326568
678072
3857
338943
707862
170312
141287
947058
207165
487359
516318
371330
689255
748504
461846
396837
678941
872878
856594
377448
743423
200893
808047
176577
971380
128398
787247
126355
92693
520227
774447
659893
672887
595185
967878
781053
503666
651817
426707
328898
354151
766022
883800
863267
358252
519457
216803
634134
396177
599375
850927
403402
298541
141811
68977
628269
579454
198079
840110
191290
911536
883406
1523
933127
945250
214559
784658
56260
418924
777214
550599
21726
303928
783540
732229
314423
445700
943767
5020
955240
174947
222767
131805
393638
710830
329114
75660
627132
893683
941332
208927
758801
159188
386079
331508
552018
117657
115352
741674
994081
291621
425887
410988
297556
535802
562217
861918
565093
65939
244472
539525
543823
437009
873839
742530
685649
617406
712757
21529
596040
409775
754730
986420
620377
877663
571911
927802
357339
605294
38917
558294
246262
251514
959280
376341
308032
298224
784373
365626
865861
265383
714999
649244
890159
400168
8987
366613
521494
612463
484133
488764
533154
889302
356978
556516
140907
647405
688826
477913
744847
109458
843163
141770
798995
527647
547998
928711
718876
430568
841186
269135
78156
193164
242875
847399
506095
623374
355104
907617
789792
275998
711230
796005
196380
256118
144199
79007
689977
177582
700505
882938
598511
157993
834761
166783
549769
697765
440703
517817
98755
570608
520774
950247
862895
695302
742904
731194
188964
349768
430020
125800
690140
618119
6238
414615
99493
851702
444746
568588
579939
461180
138021
846354
111040
743620
966679
803230
663700
230878
87312
692095
296218
26105
483105
296271
500242
617011
498194
633412
339830
281167
177376
898831
841383
248155
419752
221109
649343
881268
278679
408055
296468
305375
197783
113929
732846
456853
865956
219337
229584
537057
416797
46817
205733
531733
967842
323051
806357
312048
396614
444426
61113
84268
473632
261108
313953
915977
651010
454228
706974
47393
657699
374265
357927
632034
851957
808083
129614
297862
398215
684909
757872
472896
621664
516120
133576
241011
537415
694554
941371
398541
888202
483976
688677
664842
70158
908197
890494
889886
570019
13616
336128
611791
817397
547993
299095
496035
872210
704205
774659
484530
239249
968745
582121
80233
337977
577355
932653
828504
809271
218572
850637
78781
939065
347894
42141
294821
38864
734043
455214
188573
147525
982352
457706
33646
755995
316758
57810
64655
288381
399239
73502
112720
372262
639216
728677
945062
362675
614180
398376
345658
906864
858354
712179
35860
333410
529479
336562
817125
471247
91223
713353
437664
604338
183081
263932
779754
457270
305645
494748
730390
589850
630213
389500
541404
236735
9724
661471
698070
225453
14159
169083
172498
625200
603937
584310
555815
777921
74456
64675
523561
525998
697734
927594
815993
276181
812402
490008
231575
49996
917126
4549
411997
208997
517223
180902
12442
413647
796481
833333
915291
909541
362100
6259
989409
435302
89415
696059
533220
60077
965475
503953
697013
205483
576002
272809
34902
781708
651363
653984
131032
350403
78152
497986
513343
961356
185182
463633
253330
204472
724893
519179
67167
141603
867904
678334
754639
386392
921285
882067
813468
668996
204250
789232
182702
304992
453737
106058
587102
395835
465988
300829
553252
183847
731772
315473
468294
816040
185443
366050
649209
209095
762203
995733
584520
988303
854947
299602
724214
924953
362422
519889
219442
905604
15473
65888
144875
904446
391790
844969
905154
579467
186516
210975
24616
800433
282867
9627
786409
553148
157019
979674
161933
20286
153451
466353
736443
510924
116260
542407
715448
761721
685252
330520
731501
950978
698219
582099
981316
93954
349521
700879
583877
919968
643594
199628
772438
648849
308934
38167
333554
187097
994063
67971
422731
20781
54327
768253
732986
286143
980836
950174
521686
398543
870357
298651
368845
881464
224300
960279
467479
398735
493999
320966
960333
987540
889334
90356
4145
163862
587627
926318
874738
972983
971303
513118
193674
814604
923112
985939
534074
119906
654483
350768
187912
311244
985315
979392
130489
429044
294587
649608
622524
341049
11246
850357
5791
272078
270158
263063
47830
936553
823409
351997
954599
443495
347479
116668
687951
571183
254178
310004
23496
121342
604464
949303
617003
835223
49297
750209
776288
685236
572649
314433
544084
265111
60665
107464
388445
742247
701718
649443
979184
943601
112585
908710
66391
362637
850523
810653
858472
957563
267081
962539
770029
543163
823268
933654
25199
288134
799665
574880
150430
69022
612490
105668
565348
169614
78643
446100
397252
266523
906076
642870
873651
863964
248573
284173
156122
649962
846614
769378
218957
841912
653657
484594
522605
328545
274545
400779
71959
430607
310332
882159
220656
387033
195499
320007
541804
14683
456608
840581
398294
321987
333426
197562
951648
244803
489159
515249
61682
868581
745233
396616
486059
568838
404373
323371
488110
298190
295406
151576
1410
131412
88694
365463
277302
318911
705783
395947
26553
165280
425893
726918
292199
477573
599628
991096
533970
67320
275862
676788
442760
262658
655163
407410
648795
593449
383188
221902
557627
632310
536475
977196
166825
489596
562791
728445
515265
581944
270137
4775
338520
229352
63385
640756
233880
998563
999584
281438
543307
665885
3159
78544
332875
650989
803191
478987
571384
310549
681554
555814
86017
119695
185095
341008
931586
478550
372418
856985
958775
100064
987520
529110
156459
66158
608763
738806
485800
894047
368469
991649
826465
852648
824402
49627
766483
648640
260683
727866
293662
13584
655510
775235
136347
460597
930477
811864
399643
128436
4066
916704
623394
836340
825099
335747
147216
60830
60097
416406
768068
200817
93541
602123
92069
675035
594252
535498
891511
132330
954945
222621
581579
858313
377633
732428
231088
294069
91091
928355
769383
608653
140684
620028
996190
640977
734700
266594
236149
339827
278640
548016
441291
460223
774528
224853
980122
481063
705350
337849
570537
136173
624811
953162
731205
894276
345202
315535
396215
130250
893311
527319
469572
350299
750462
888382
858169
546993
599678
942658
600084
557653
800706
692756
802090
517508
508167
670017
893532
208646
811784
845819
514293
915607
573675
398343
440596
907597
143592
789460
608065
650440
493574
465787
831916
144199
531489
791923
453580
276582
824703
812934
29253
596588
751817
819156
994311
436470
499227
844399
755275
114060
714330
69974
656332
469281
475569
416637
81096
950999
594193
879439
218011
7390
266549
877108
16220
870980
574732
441564
553377
617580
153545
658831
785441
493131
652313
837020
950681
224321
795823
176066
619611
649008
905945
234100
763919
735089
476696
297885
711671
481922
887388
693702
140842
344985
593766
201974
742383
216275
498169
722980
717874
308285
444276
811412
620402
793296
404709
602476
957142
103741
961603
169553
678036
227465
667220
860381
52165
437366
294102
956399
807702
335734
759534
748278
94728
773921
670093
871790
852086
631266
804306
31416
440058
342485
282156
558212
482285
977567
178561
136296
968639
960652
511119
910318
457312
542219
861507
820285
726828
898084
452308
351427
540276
37731
216174
44236
643304
977869
273230
728916
663695
993586
967253
932596
55191
473009
636123
970845
454312
701030
898147
347638
800597
33137
562296
175133
846719
882244
748646
143464
560990
754123
603243
7770
667867
88918
177815
409576
224752
310490
209391
743002
315292
75867
980509
214895
26685
887084
146858
666957
197564
767619
508270
235405
517504
772597
44901
941928
331465
357176
508003
712046
678243
725887
398435
313032
678241
378228
60663
747356
698760
283000
562614
15272
332315
632805
68747
983026
336955
594512
605910
350168
670573
624240
357356
911083
30709
543092
59341
566094
47056
520992
875375
691744
212195
232219
807132
611793
838917
943680
622472
943744
987589
930975
769547
229802
816923
3290
634914
719125
718806
410673
832611
187720
531065
39132
984246
733916
2203
620466
935207
13048
676041
498349
175047
327911
995762
531155
637659
62990
589457
19148
31452
121523
205301
168211
889332
620670
588662
835338
204025
854367
268782
261527
789237
430019
167074
94733
24840
4442
246845
337801
462239
757404
295380
252727
459342
478635
686194
412050
741531
759316
475956
487272
635553
768380
649558
913603
826956
965055
102868
952068
477073
769562
617025
439121
570486
214216
631775
777
764295
205387
546032
941517
767187
280723
329170
773751
957339
287116
543683
551740
481797
836285
355460
440596
805662
552238
563713
546397
273238
54760
984590
356383
685846
756738
164926
222240
925429
153252
74180
294252
168354
657498
238255
880500
226425
602158
231616
935086
846242
961749
815689
541566
64902
634259
505179
363726
486729
586628
771538
616281
100765
673553
355719
483514
204844
913807
701340
483645
843843
317926
787215
989090
694058
693876
885944
159747
461639
984957
457207
268753
528263
54288
420492
449778
499011
828295
586024
100603
50313
612210
234249
499902
822134
784173
209410
511299
794942
303042
300784
290856
25766
420010
162434
68916
698738
581559
913605
376502
713162
142181
934484
388793
456848
326771
199402
473840
46715
72585
25805
625806
953749
148584
325410
380159
470201
256737
68763
968001
169295
259179
2853
545300
158408
614955
723279
543838
393340
389379
409083
191875
143631
598855
654321
439533
6546
465977
628548
587896
932098
497756
940641
276842
223198
227231
861449
292403
930842
475578
442175
993288
596070
157233
47476
777153
536618
620602
536871
528755
303612
622641
530296
102800
520960
981967
987529
781841
931310
965041
950326
727427
916801
756921
363122
600708
88909
841762
116613
531787
268025
56938
130139
930466
139257
771732
63535
435936
591267
142571
600018
809019
687460
955335
305731
123719
827113
551897
846262
853847
608246
388899
610024
829477
850764
122757
895020
389915
987119
166642
174302
400388
291117
724101
656437
799969
2851
712371
153576
177190
469513
862059
975330
611737
384024
971917
267650
123761
394092
861001
163364
757103
24559
22126
185578
917697
367025
425671
744417
637389
305439
907760
474641
687091
765360
546138
329374
504783
469974
503526
533327
552065
743653
198711
504703
729426
586454
684760
872866
827682
870266
799794
562242
962320
893314
393680
625395
785272
16622
408227
741675
960935
715159
937898
249575
584570
504660
485253
684240
920035
852563
162255
722968
894058
317979
527948
888958
495599
330304
51948
579646
757892
450268
405666
249177
784586
916463
170777
501146
770084
81257
190845
519778
510629
234128
64775
881227
443096
229147
939779
231591
83663
782699
429891
57008
343796
559447
570628
864145
185277
915754
627027
697742
198925
951057
287294
851267
320609
720025
597684
192509
5907
168567
485667
727118
995233
289972
640724
631422
997287
35600
431534
672605
946872
922114
903548
452880
210629
420992
591193
239625
3342
583872
11326
266280
222784
152096
484644
272595
959590
222576
223784
217159
555719
501116
653166
443017
649274
35428
477738
371614
741062
827144
100862
82982
939347
864904
952125
208168
350760
719785
881692
172944
550185
865574
322108
28392
858790
46389
257487
23567
495105
505804
691885
980570
629867
876468
951263
342158
423446
859062
461428
511225
495765
772352
962447
542590
92104
706549
766170
191467
102853
380740
380988
289667
766039
958727
149021
307079
811796
625193
296501
962622
531084
534957
238712
563184
484310
592788
558176
742170
519865
836045
221323
188405
533159
623410
227218
947617
414286
373121
739684
205269
740268
305616
462635
85081
843180
416869
484241
600070
249460
936517
47116
619097
975601
405752
411372
949289
434251
205054
289682
353324
167916
865823
997600
821951
634191
858812
456779
14416
102920
674034
298259
388774
866919
732016
814031
950702
391273
222915
953866
13431
291037
62526
629487
759669
949354
204698
998943
705249
356666
565270
908039
98787
348251
893882
361342
719854
700516
317349
797213
551179
446920
238081
934149
113751
745183
315821
821741
739409
816071
593546
358407
208320
527865
67668
883075
630106
352006
445454
849511
594636
828599
675941
17073
900476
316461
919047
107414
367888
206235
83338
564583
768060
746667
263020
446295
334215
456762
569686
3689
773803
61329
675323
886731
228704
711004
424272
165175
102277
700062
507537
404911
113999
870825
165056
347810
328960
505271
57416
943985
547492
309359
452758
785196
576249
91824
862895
369050
115432
885070
666551
169858
293313
647373
633884
717360
797306
126854
256787
758313
265877
41811
411029
701358
863897
374789
602027
263971
590737
431977
854837
994156
484749
508861
860080
585312
819496
30301
468535
539912
427090
483909
498474
94586
949692
27963
700540
72817
770802
196965
446616
566774
203824
88535
625575
44057
36106
841315
600338
880276
793726
610433
625428
497141
587895
544910
269651
767927
114397
427858
363913
531119
301256
85719
961518
579076
776071
81897
738476
702798
543592
209304
815531
259987
245280
529722
549498
875459
485163
117141
340282
82491
428645
300079
516707
360345
378688
272235
249444
606576
456628
504736
223145
174032
994674
749487
421672
620383
63702
714322
659379
761685
500469
432529
154309
678993
592099
726456
975814
19621
57400
944516
849242
718269
458852
566920
892824
293535
415136
783106
430525
740629
854421
512385
380794
913540
324391
34869
482940
613124
402759
746588
611133
653075
184023
936939
245012
7598
644525
243697
646210
902415
239757
2968
256757
492478
268297
54191
566413
95969
972716
445901
450705
199756
772357
694249
437191
514397
286010
402646
239707
21832
185405
430991
752859
180238
717484
157009
684421
342338
544707
916859
101404
864261
867463
34228
303160
161749
181211
197367
334234
158861
419907
635992
36427
163485
373301
234180
45136
19486
581320
97771
154150
264261
552450
707058
908435
711920
457945
963868
813761
643904
536774
174849
263313
547728
106040
445182
395207
950179
762921
979034
781567
497611
617882
309373
443879
173674
162682
675774
676852
181711
837224
319321
629836
145956
429991
524362
955262
817364
926857
370151
848799
760541
467091
503501
914696
141946
671524
608049
1277
493039
388122
620270
606859
100155
887092
877636
462052
660801
839732
725205
63456
407550
883097
543039
120142
384925
32147
531559
877709
994356
298337
687261
378525
218438
933301
607975
923979
357983
621761
273598
350920
642544
646140
92279
451178
4545
927080
761796
480776
146610
396328
68578
173197
30929
982258
973481
833323
776261
944253
564344
668093
188430
261877
683689
769798
8678
564892
438137
840250
67555
87847
5755
200859
63736
377757
694376
682866
689027
87225
707172
180431
805824
77160
212365
994508
926605
513895
873302
130046
720604
496223
904697
475208
667045
990156
282177
121696
677078
275429
678125
378936
629510
11725
91180
395436
860664
105204
812131
497135
432014
393066
423787
662917
746293
628670
369790
588867
810815
707186
903449
78716
251909
433441
701860
109938
55432
222502
188233
688235
9220
166225
977915
950251
37408
727830
686015
106936
911484
943307
883908
832556
898718
773809
185357
650681
561437
647922
432291
724537
560137
904073
326877
551264
37951
251694
924377
976435
77350
397397
734287
130026
9034
505077
27583
804654
348869
827685
489212
245613
471039
728326
364380
917214
760393
93533
181548
506493
559679
137413
763770
998538
873988
556372
34692
139093
570823
507226
628585
762773
513830
45237
223315
624702
485683
998636
333058
937326
405611
60851
846573
174970
901237
230903
867845
660267
64445
593576
387452
745612
984308
196320
354515
400096
864969
593332
573324
964469
339258
609352
324550
518007
597780
261419
175865
778691
559698
952630
718590
648622
703431
401114
25460
144210
846962
288000
754688
208588
937784
987525
601871
655270
708058
698737
175465
610245
506661
932650
52250
595266
594727
332757
802331
123368
85114
385831
375092
189597
850598
652389
276160
787755
903131
153489
469671
424015
139262
533625
90629
987535
899221
258840
876062
396696
583595
948203
698667
145769
56865
231310
510834
993293
262242
720445
694126
875664
148189
911665
108083
981802
41790
301765
435299
427325
322349
446090
433996
510171
863146
97120
298841
41952
619687
61730
141260
774320
210750
867809
523809
760634
468521
5055
412586
33240
866477
965160
501464
89606
860835
508483
345225
372168
236647
66954
777403
256902
501973
783956
548338
858240
313611
443835
15825
472607
990878
131768
34172
106492
324217
793835
776602
322062
498135
832467
647586
463007
956335
845932
820697
384484
769381
690758
75884
458228
456283
481942
373191
326067
15552
728741
400012
456460
2143
993647
468948
495406
836711
570739
956599
913566
272300
947298
803944
604906
225472
697186
680359
17397
715648
701509
62068
514904
521715
582466
162409
71864
369632
168060
420412
82418
399672
761901
338375
540877
957561
233239
152980
217452
954851
738269
514658
394058
659086
143082
549147
102482
175956
27738
65501
66935
733167
931598
456940
65816
400819
601773
621851
702133
833379
440376
560300
588738
709569
684800
452835
735550
918084
698621
374025
169947
48107
977661
403689
951564
368192
691999
296271
176797
8189
800048
604458
315220
279452
446201
961852
473600
153199
328482
998341
810915
545804
839213
721214
866710
491770
847421
174576
719504
500662
164394
261989
421456
551709
954387
622475
924280
122957
686589
330368
542261
964311
944545
114468
102304
878459
758931
687923
338208
641549
370504
721068
384182
427804
164820
80073
968971
612462
291676
746482
186713
228882
971506
790941
444847
620821
105098
786964
810989
39566
993140
432267
303783
336812
896362
808549
71698
921294
632336
270367
949090
395184
350326
549582
923890
222723
146064
206430
198049
916767
559272
569364
84775
523936
540644
336838
296524
69990
39337
383297
863108
908624
470227
921473
367727
524806
515067
494711
811407
175510
421412
866631
554982
219634
151095
240746
768357
636309
428196
703859
606209
352440
998805
120389
200509
204872
369308
698152
827493
951626
101468
7912
820624
814931
847855
453223
225783
845047
765205
266531
784695
727643
480611
63638
330928
431462
36632
447661
22370
24837
973421
145300
34481
646707
772569
931186
407803
138249
717634
36521
349008
772633
303150
792922
99705
607484
863258
403817
220278
454444
90862
932639
834443
948144
329761
279463
318683
928500
63123
568630
607841
898544
508674
396563
857511
760367
330093
285592
102299
7646
187157
490386
179741
567617
196573
410435
982418
441806
357441
637263
65521
220394
586524
575770
514294
716445
483474
724715
201984
259744
352928
881858
914916
570211
131439
619977
451742
696540
822822
39980
975381
713839
657698
82228
270212
69428
431722
284998
725747
388121
282660
536710
230999
912868
641438
737047
847916
940638
494975
607628
688610
883118
94714
642146
30099
993447
870095
183350
600577
521660
78083
768279
495729
458900
27424
201901
750818
758135
157221
702974
990063
238286
647442
742515
313738
641058
569535
358507
720591
55759
224611
66408
378993
538679
140077
899689
667796
304616
797199
767061
620163
238972
214308
717186
686167
43841
364695
42627
808094
297041
744894
443174
890945
612043
351703
17489
180467
313745
905144
573459
42033
150592
139276
64001
794726
509920
777695
616901
427579
634896
87028
918351
669029
796798
571031
25256
63627
579723
82750
422751
449478
297869
229195
244785
148005
267992
21847
574150
975878
889632
613882
288387
133620
88161
441933
113871
428647
178809
852650
323089
559398
604604
136145
240502
307159
749486
522857
247481
839720
596265
97038
59307
691739
374012
729893
108567
622481
516174
118302
567791
926106
717413
635520
132253
7978
423447
547845
219189
474141
38759
703349
206926
250910
299445
880855
923419
990657
648549
148256
801049
982668
302358
975221
848349
883541
238557
517360
344558
547538
409261
120314
120041
354647
655431
82504
370533
447322
398573
175485
650264
616897
415080
680315
147287
908021
990850
24295
649167
763330
147924
200569
469215
250341
97243
945654
637648
566830
582058
476086
275908
442601
143953
593464
80392
501385
545743
868739
273097
40290
841125
372265
151079
680855
766048
34029
894992
376319
761126
589041
631737
458392
477809
427814
804747
519096
336992
577633
121954
937276
147552
941224
962279
45756
290754
29201
184099
688263
14513
714614
882580
858695
896894
658827
730300
88575
693553
254028
766259
904776
655065
334440
472784
669684
950843
29975
493142
568412
387000
136063
533297
410255
286545
301075
769992
75527
866047
285253
59814
877452
217331
100577
717562
207277
996825
255280
52963
815981
119148
884749
268833
270940
141640
232860
255983
221710
138969
344863
302148
540201
352982
432074
429984
210096
586546
684260
778301
182462
537432
854116
620065
349457
985178
384566
389245
941885
260811
953646
409209
930291
890247
846232
66414
359482
693500
430861
750533
842190
552540
822908
453295
241502
359883
612510
222306
696742
1436
30896
258365
487887
803091
380687
830318
734003
890403
855003
436769
47405
524434
530797
306872
113479
152928
570058
367592
247089
201898
928704
697318
109009
908855
582201
248445
605120
786444
526540
108601
987643
486893
921255
731393
222612
306067
364198
319109
567490
972119
898908
51465
575451
429323
933065
514934
683099
227206
263003
636446
216920
993575
969691
275325
430936
207590
468988
283690
514468
116518
579050
978388
305773
9889
897170
200307
895563
663830
657587
856348
607717
829294
422192
671355
316966
202493
561887
328309
74883
316391
199646
16436
53091
745532
737364
956672
506757
978537
377082
913259
833479
147117
476711
288654
949160
243687
191271
17564
351286
304116
371269
952772
797966
630214
347619
679599
84114
673135
120392
672686
505143
228735
830483
206195
530673
685981
898731
336365
751343
850747
437716
125547
60468
149562
461111
435743
971816
585015
911752
855383
554735
436421
709279
783227
238763
326947
550512
43637
974227
89092
432947
52412
83846
735929
799464
1880
692717
424752
12437
207610
761879
157540
289092
977209
218413
283938
335241
164426
509171
554841
940257
603134
69512
299105
907743
952575
797554
200822
254973
965652
438386
529996
801725
51947
421776
730692
625398
514147
948129
375611
931288
684903
241099
210826
56032
502727
793638
537402
898807
153064
204585
992003
506999
865981
184631
290208
102009
826925
909392
448928
571398
501895
51169
746256
711346
611272
157913
191768
315092
882113
765762
148520
745863
818254
780542
554742
251371
760625
321743
984555
558668
331909
735182
59583
458261
120352
688211
48853
579746
896639
37124
987769
144049
335514
468363
718414
339632
645591
542401
209821
281057
686013
55733
760200
395443
188719
130855
763517
86239
910169
889509
479838
431873
576516
487095
49169
98405
838927
324135
869181
294738
330643
215679
590471
204768
910542
616990
442598
82157
157032
667554
699606
4515
104506
926141
634129
740913
287970
314340
843694
613203
914087
894330
712368
760423
143481
710287
978448
699189
194879
325917
320748
970596
381715
440546
503265
46931
619269
855783
774025
824989
240284
830155
109582
392183
170395
859887
212358
282656
100489
474809
236711
873694
579344
726517
800565
528134
546404
548211
989899
551362
410270
645182
454810
230929
185107
761400
672701
991809
120783
805660
938293
901065
950568
473902
53385
958069
749250
893504
114376
101845
146890
57960
998072
658698
74377
1410
797491
758877
265968
926070
625408
437121
537457
688339
650907
341158
354628
803539
777213
435612
893001
971013
620123
873012
135916
600849
430826
511759
681661
641775
389138
862839
782658
684931
23791
925687
677598
934269
470161
158704
40803
398715
851996
12652
812648
401549
78167
675791
300186
971873
65204
719056
767094
134782
529177
473025
352175
210684