################################# C: 0.01 #################################
Coefficients:
[0.0, -0.02372, -0.316737, -0.327396, -0.02138, -0.019296, -0.035384, -0.082969, -0.00789, -0.179529, -0.27968, -0.007914, -0.112074, -0.006667, -0.01429, -0.037052, -0.038886, -0.014346, -0.04866, -0.005853, -0.126525]
Intercept:
-0.444

################################# C: 0.1 #################################
Coefficients:
[0.0, 0.020716, -0.642101, -0.922412, -0.042855, 0.029937, -0.041152, -0.115937, 0.018735, -0.243804, -0.698961, -0.005796, -0.226169, 0.0047, 0.028608, -0.047981, -0.017906, 0.003897, -0.010117, -0.018122, -0.117778]
Intercept:
-0.183

################################# C: 1 #################################
Coefficients:
[0.0, 0.052091, -0.823499, -1.427934, -0.0483, 0.087964, -0.083955, -0.148647, 0.127717, -0.200616, -0.549235, 0.024775, -0.111393, -0.066396, -0.057085, -0.05837, 0.011531, 0.123946, 0.137825, -0.13587, -0.000288]
Intercept:
-0.07

################################# C: 5 #################################
Coefficients:
[0.0, 0.052154, -0.838588, -1.750838, -0.010727, 0.16258, -0.117575, -0.24319, 0.327261, -0.217597, -0.255926, 0.048225, -0.053143, -0.165067, -0.174, -0.070475, 0.0889, 0.190161, 0.21952, -0.367838, 0.037165]
Intercept:
-0.033

################################# C: 10 #################################
Coefficients:
[0.0, 0.045722, -0.834859, -1.833322, 0.001886, 0.180099, -0.123614, -0.297156, 0.4236, -0.222409, -0.174281, 0.051489, -0.036826, -0.188143, -0.20087, -0.071461, 0.145422, 0.19464, 0.227627, -0.47461, 0.040018]
Intercept:
-0.025

################################# C: 25 #################################
Coefficients:
[0.0, 0.038123, -0.830975, -1.895217, 0.01033, 0.188253, -0.129566, -0.354868, 0.522289, -0.216997, -0.112525, 0.05304, -0.019403, -0.199273, -0.21501, -0.068461, 0.211735, 0.191441, 0.221939, -0.585071, 0.0318]
Intercept:
-0.018

################################# C: 50 #################################
Coefficients:
[0.0, 0.034634, -0.829773, -1.91883, 0.012801, 0.189211, -0.133724, -0.382314, 0.569145, -0.209505, -0.089005, 0.053564, -0.010561, -0.200735, -0.217805, -0.064919, 0.245306, 0.188403, 0.214744, -0.638574, 0.023237]
Intercept:
-0.016

################################# C: 100 #################################
Coefficients:
[0.0, 0.032715, -0.82937, -1.931325, 0.013803, 0.189005, -0.136933, -0.398341, 0.596792, -0.203368, -0.0766, 0.053889, -0.005154, -0.20055, -0.218413, -0.061968, 0.265564, 0.186366, 0.209183, -0.670588, 0.016635]
Intercept:
-0.015

################################# C: 1000 #################################
Coefficients:
[0.0, 0.030924, -0.829235, -1.942997, 0.014473, 0.188257, -0.140932, -0.414373, 0.624807, -0.195761, -0.065052, 0.054264, 0.00047, -0.19961, -0.218295, -0.058204, 0.286358, 0.184203, 0.202556, -0.703421, 0.008716]
Intercept:
-0.013

